UNITS=INCH
#Layer_Physical_Order=2
#Layer_Color=16711680
#
#Feature symbol names
#
$0 rect51.1811x55.1181
$1 rect55.1181x51.1811
$2 rect35.4331x47.2441
$3 rect77.5591x23.622xr2.9528
$4 rect23.622x77.5591xr2.9528
$5 rect53.1496x45.2756
$6 rect35.4331x31.4961
$7 oval82.6772x55.1181
$8 rect223.2283x248.8189
$9 rect38.189x118.8976
$10 rect66.9291x98.4252
$11 rect31.4961x35.4331
$12 rect23.622x64.9606
$13 oval55.1181x82.6772
$14 rect64.9606x23.622
$15 rect248.8189x223.2283
$16 rect118.8976x38.189
$17 rect45.2756x53.1496
$18 rect47.2441x35.4331
$19 r19.685
$20 r39.3701
$21 r157.4803
$22 r27.5591
$23 r78.7402
$24 r59.0551
$25 r196.8504
$26 r31.4961
$27 r11.811
$28 r21.2598
$29 oval42.126x84.252
$30 r59.3701
$31 r55.1181
$32 r45.2756
$33 oct65x65x16.25
$34 r66.9291
$35 s70.8661
$36 r64.9606
$37 r118.1102
$38 oct80x80x20
$39 oval354.3307x177.1654
$40 s59.0551
$41 s66.9291
$42 s103.3465
$43 r103.3465
$44 s47.9528
$45 r47.9528
$46 oval43.3071x86.6142
$47 r73.2283
$48 s73.2283
$49 r70.8661
$50 oct60x60x15
$51 r124
$52 oct124x124x31
$53 oct100x100x25
$54 r100
$55 r65
$56 oval110x85
$57 oct110x85x21.25
$58 oct177.008x118.1102x29.5275
$59 oval177.008x118.1102
$60 oct60x70x15
$61 oval60x70
$62 oct85x85x21.25
$63 oct60x80x15
$64 s59.3701
$65 rect137.7953x216.5354xr34.4488
$66 r52
$67 r62.0079
$68 s62.0079
$69 r137.7953
$70 r46.063
$71 s46.063
$72 s51.4961
$73 r51.4961
$74 s64.9606
$75 oct70x60x15
$76 oval70x60
$77 r275.5906

#
#Feature attribute names
#
@0 .geometry
@1 .pad_usage
@2 .smd

#
#Feature attribute text strings
#
&0 SMD_RectX51.1811Y55.1181
&1 SMD_RectX55.1181Y51.1811
&2 SMD_RectX35.4331Y47.2441
&3 SMD_RoundRectX77.5591Y23.6220
&4 SMD_RoundRectX23.6220Y77.5591
&5 SMD_RectX53.1496Y45.2756
&6 SMD_RectX35.4331Y31.4961
&7 SMD_OvalX82.6772Y55.1181
&8 SMD_RectX223.2283Y248.8189
&9 SMD_RectX38.1890Y118.8976
&10 SMD_RectX66.9291Y98.4252
&11 SMD_RectX31.4961Y35.4331
&12 SMD_RectX23.6220Y64.9606
&13 SMD_OvalX55.1181Y82.6772
&14 SMD_RectX64.9606Y23.6220
&15 SMD_RectX248.8189Y223.2283
&16 SMD_RectX118.8976Y38.1890
&17 SMD_RectX45.2756Y53.1496
&18 SMD_RectX47.2441Y35.4331
&19 Pad_Simple_X42.1260Y84.2520H33.4646C73.4646
&20 Pad_Simple_X59.3701Y59.3701H39.3701C79.3701
&21 Pad_Simple_X55.1181Y55.1181H41.3386C81.3386
&22 Pad_Simple_X45.2756Y45.2756H29.5276C69.5276
&23 Pad_Simple_X65.0000Y65.0000H40.0000C80.0000
&24 Pad_Simple_X66.9291Y66.9291H43.3071C83.3071
&25 Pad_Complex_X70.8661Y70.8661H39.3701C79.3701
&26 Pad_Simple_X64.9606Y64.9606H43.3071C83.3071
&27 Pad_Simple_X118.1102Y118.1102H78.7402C118.7402
&28 Pad_Simple_X80.0000Y80.0000H59.0551C99.0551
&29 Pad_Simple_X31.4961Y31.4961H19.6850C59.6850
&30 Pad_Simple_X354.3307Y177.1654H78.7402C118.7402
&31 Pad_Simple_X59.0551Y59.0551H31.4961C71.4961
&32 Pad_Complex_X59.0551Y59.0551H31.4961C71.4961
&33 Pad_Simple_X118.1102Y118.1102H51.1811C91.1811
&34 Pad_Complex_X103.3465Y103.3465H68.8976C108.8976
&35 Pad_Simple_X103.3465Y103.3465H68.8976C108.8976
&36 Pad_Complex_X47.9528Y47.9528H27.9528C67.9528
&37 Pad_Simple_X47.9528Y47.9528H27.9528C67.9528
&38 Pad_Simple_X43.3071Y86.6142H32.6772C72.6772
&39 Pad_Simple_X73.2283Y73.2283H48.8189C88.8189
&40 Pad_Complex_X73.2283Y73.2283H48.8189C88.8189
&41 Pad_Simple_X70.8661Y70.8661H39.3701C79.3701
&42 Pad_Simple_X60.0000Y60.0000H39.3701C79.3701
&43 Pad_Simple_X124.0000Y124.0000H40.0000C80.0000
&44 Pad_Simple_X100.0000Y100.0000H40.0000C80.0000
&45 Pad_Simple_X110.0000Y85.0000H47.2440C87.2440
&46 Pad_Simple_X177.0080Y118.1102H78.7402C118.7402
&47 Pad_Simple_X60.0000Y70.0000H39.3701C79.3701
&48 Pad_Simple_X85.0000Y85.0000H39.3701C79.3701
&49 Pad_Simple_X60.0000Y80.0000H39.3701C79.3701
&50 Pad_Complex_X59.3701Y59.3701H39.3701C79.3701
&51 Pad_Simple_X137.7953Y216.5354H137.7953C177.7953
&52 Pad_Simple_X52.0000Y52.0000H32.0000C72.0000
&53 Pad_Simple_X157.4803Y157.4803H78.7402C118.7402
&54 Pad_Simple_X62.0079Y62.0079H41.3386C81.3386
&55 Pad_Complex_X62.0079Y62.0079H41.3386C81.3386
&56 Pad_Simple_X59.0551Y59.0551H35.4331C75.4331
&57 Pad_Simple_X196.8504Y196.8504H125.9843C165.9843
&58 Pad_Simple_X137.7953Y137.7953H78.7402C118.7402
&59 Pad_Simple_X46.0630Y46.0630H30.3150C70.3150
&60 Pad_Complex_X46.0630Y46.0630H30.3150C70.3150
&61 Pad_Complex_X51.4961Y51.4961H31.4961C71.4961
&62 Pad_Simple_X51.4961Y51.4961H31.4961C71.4961
&63 Pad_Simple_X45.2756Y45.2756H31.4961C71.4961
&64 Pad_Simple_X70.0000Y60.0000H39.3701C79.3701
&65 Pad_Simple_X275.5906Y275.5906H125.9843C165.9843
&66 VIA_RoundD27.5591H13.7795C53.7795

#
#Layer features
#
L 0.1771654 2.1062991 0.2780526 2.1062991 25 P 0
L 0.1870079 1.2185039 0.1964459 1.2090659 22 P 0
L 0.1870079 1.281496 0.264273 1.281496 22 P 0
L 0.1964459 1.2090659 0.2565153 1.2090659 22 P 0
L 0.2565153 1.2090659 0.2687308 1.1968504 22 P 0
L 0.264273 1.281496 0.2780526 1.2952756 22 P 0
L 0.2687308 1.1968504 0.2780526 1.1968504 22 P 0
L 0.2780526 0.9531508 0.2780526 1.1968504 24 P 0
L 0.2780526 1.2952756 0.3949318 1.2952756 24 P 0
L 0.2780526 2.1062991 0.9142664 2.1062992 25 P 0
L 0.3543306 0.9330709 0.3543307 0.933071 26 P 0
L 0.3834647 2.2913386 0.3834647 2.3421261 19 P 0
L 0.3834647 2.3421261 0.4072835 2.3659449 19 P 0
L 0.3917323 2.4862047 0.3917323 2.5885827 19 P 0
L 0.3917323 2.4862047 0.4119921 2.4659449 19 P 0
L 0.3937008 1.2940446 0.3949318 1.2952756 19 P 0
L 0.3949318 1.2952756 0.511811 1.2952756 24 P 0
L 0.4072835 2.3659449 0.4517716 2.3659449 19 P 0
L 0.4119921 2.4659449 0.4517716 2.4659449 19 P 0
L 0.4303155 0.7775591 0.6791338 0.7775591 26 P 0
L 0.4517716 2.3659449 0.539567 2.3659449 19 P 0
L 0.4517716 2.4159449 0.6836614 2.4159449 27 P 0
L 0.4625985 3.7508269 0.4718505 3.7415749 19 P 0
L 0.4718505 3.7415749 0.4868112 3.7415749 19 P 0
L 0.4868112 3.4659843 0.6230315 3.4659843 19 P 0
L 0.4868112 3.7415749 0.6462086 3.7415749 19 P 0
L 0.511811 1.2952756 0.5413386 1.3248032 24 P 0
L 0.539567 2.3659449 0.5413386 2.3641733 19 P 0
L 0.5413386 2.3641733 0.6921256 2.3641733 27 P 0
L 0.5905512 4.2755905 0.6112205 4.2755905 19 P 0
L 0.5905512 4.4291339 0.5905512 4.4783465 19 P 0
L 0.5905512 4.4291339 0.6676026 4.4291339 19 P 0
L 0.5905512 4.4783465 0.6248032 4.5125985 19 P 0
L 0.6112205 4.2755905 0.6742125 4.2125985 19 P 0
L 0.6230315 3.4659843 0.6462086 3.4891614 19 P 0
L 0.6248032 4.5125985 0.7283465 4.5125985 19 P 0
L 0.6462086 3.4891614 0.6462086 3.7415749 19 P 0
L 0.6462086 3.7415749 0.6462086 3.7564448 19 P 0
L 0.6462086 3.7564448 0.7081575 3.8183937 19 P 0
L 0.6676026 4.4291339 0.6889764 4.4077601 19 P 0
L 0.6742125 4.2125985 0.7283465 4.2125985 19 P 0
L 0.6791338 0.7775591 1.2442205 0.2124724 26 P 0
L 0.6836614 2.4159449 0.6988189 2.4311024 27 P 0
L 0.6889764 4.3700788 0.6889764 4.4077601 19 P 0
L 0.6921256 2.3641733 0.7284724 2.4005201 27 P 0
L 0.6988189 2.4311024 0.6988189 3.0708661 27 P 0
L 0.6988189 3.0708661 0.7480315 3.1200787 27 P 0
L 0.7010965 3.4708661 0.7877953 3.4708661 19 P 0
L 0.7081575 3.8183937 1.004441 3.8183937 19 P 0
L 0.7284724 2.4005201 0.7284724 2.6881182 27 P 0
L 0.7284724 2.6881182 0.7618109 2.7214567 27 P 0
L 0.7480315 3.1200787 1.2234252 3.1200787 27 P 0
L 0.7618109 2.7214567 0.9447783 2.7214567 27 P 0
L 0.7677166 4.2913386 0.7677166 4.3326773 19 P 0
L 0.7677166 4.2913386 0.9744094 4.0846458 19 P 0
L 0.7677166 4.4074804 0.8579723 4.4074804 19 P 0
L 0.7877953 2.4708661 0.7879922 2.4706692 19 P 0
L 0.7877953 2.5708661 0.8488189 2.5098425 19 P 0
L 0.7877953 2.6708661 0.8798176 2.6708661 19 P 0
L 0.7877953 2.7708661 1.0680064 2.7708661 19 P 0
L 0.7877953 3.4708661 0.8675195 3.4708661 19 P 0
L 0.7879922 2.4706692 1.3009843 2.4706692 19 P 0
L 0.830709 1.5039369 0.9547244 1.5039369 25 P 0
L 0.8488189 2.5098425 1.2598425 2.5098425 19 P 0
L 0.8579723 4.4074804 0.858252 4.4077601 19 P 0
L 0.858252 4.4077601 0.8858268 4.4077601 19 P 0
L 0.8675195 3.4708661 0.9055118 3.5088584 19 P 0
L 0.879527 2.8149606 0.879527 3.0705755 19 P 0
L 0.879527 3.0705755 0.8798176 3.0708661 19 P 0
L 0.8798176 2.6082677 0.8798176 2.6708661 19 P 0
L 0.8798176 2.6082677 0.9388727 2.5492126 19 P 0
L 0.8858268 4.2397638 0.8858268 4.3388625 19 P 0
L 0.8858268 4.2397638 0.9153543 4.2102363 19 P 0
L 0.9055118 3.5088584 0.9679133 3.5088584 19 P 0
L 0.9142664 2.1062992 0.9142664 2.15511 19 P 0
L 0.9142664 2.1062992 1.003937 2.0166286 25 P 0
L 0.9142664 2.15511 0.97968 2.2205236 19 P 0
L 0.9153543 4.2102363 1.1422034 4.2102363 19 P 0
L 0.9388727 2.5492126 1.2234252 2.5492126 19 P 0
L 0.9447783 2.7214567 0.9487152 2.7175198 27 P 0
L 0.9487152 2.6708661 0.9487152 2.7175198 27 P 0
L 0.9487152 2.6708661 1.144778 2.6708661 19 P 0
L 0.9547244 1.5039369 1.003937 1.5531495 25 P 0
L 0.9744094 3.8893706 0.9744094 4.0797242 19 P 0
L 0.9744094 3.8893706 1.0744094 3.7893706 19 P 0
L 0.9744094 4.0797242 0.9744094 4.0846458 19 P 0
L 0.97968 2.2205236 1.4919803 2.2205236 19 P 0
L 1.003937 1.5531495 1.003937 1.8307087 25 P 0
L 1.003937 1.8307087 1.003937 2.0166286 25 P 0
L 1.003937 1.8307087 1.1067225 1.7279232 19 P 0
L 1.004441 3.8183937 1.0368109 3.7860238 19 P 0
L 1.0349355 2.8984255 1.041235 2.904725 19 P 0
L 1.0349355 3.2566932 1.0349355 3.3513781 19 P 0
L 1.0349355 3.3513781 1.0437007 3.3513781 19 P 0
L 1.0349355 3.4202757 1.0368109 3.4221511 19 P 0
L 1.0368109 3.4221511 1.0368109 3.5088584 19 P 0
L 1.0368109 3.5088584 1.0368109 3.7860238 19 P 0
L 1.041235 2.904725 1.041235 2.9692916 19 P 0
L 1.041235 2.9692916 1.1506836 3.0787402 19 P 0
L 1.0437007 3.3513781 1.0515748 3.343504 19 P 0
L 1.0515748 3.343504 1.1349355 3.343504 19 P 0
L 1.0744094 3.600093 1.0744094 3.7893706 19 P 0
L 1.0744094 3.600093 1.1349355 3.5395669 19 P 0
L 1.0925197 1.2972441 1.0925197 1.460806 19 P 0
L 1.0925197 1.2972441 1.1515748 1.2972441 19 P 0
L 1.0925197 1.460806 1.1909449 1.5592312 19 P 0
L 1.1067225 1.7279232 1.6206397 1.7279232 19 P 0
L 1.1137741 3.7007874 1.1712598 3.7582731 19 P 0
L 1.130952 2.894442 1.1349355 2.8984255 19 P 0
L 1.1349355 2.8984255 1.136904 2.896457 19 P 0
L 1.1349355 3.2566932 1.1847719 3.2566932 19 P 0
L 1.1349355 3.4970474 1.1349355 3.5395669 19 P 0
L 1.136904 2.7708661 1.136904 2.896457 19 P 0
L 1.1422034 4.2102363 1.1712598 4.1811799 19 P 0
L 1.144778 1.9075499 1.144778 2.1850394 19 P 0
L 1.144778 1.9075499 1.2511468 1.8011811 19 P 0
L 1.144778 2.6708661 1.3090551 2.8351432 19 P 0
L 1.1494095 1.3622047 1.1494095 1.4785433 19 P 0
L 1.1494095 1.4785433 1.3096447 1.6387785 19 P 0
L 1.1506836 3.0787402 1.2283465 3.0787402 19 P 0
L 1.1515748 1.3602362 1.1614174 1.3700788 19 P 0
L 1.1614174 1.3700788 1.230315 1.3700788 19 P 0
L 1.1712598 3.7582731 1.1712598 4.1811799 19 P 0
L 1.1847719 3.2566932 1.2086614 3.2805827 19 P 0
L 1.1909449 1.5592312 1.1909449 1.6830706 19 P 0
L 1.1909449 1.6830706 1.2057084 1.6978341 19 P 0
L 1.2057084 1.6978341 1.376264 1.6978341 19 P 0
L 1.2086614 3.2805827 1.2086614 4.239244 19 P 0
L 1.2086614 4.239244 1.248945 4.2795276 19 P 0
L 1.2096457 1.9068897 1.2234252 1.9068897 19 P 0
L 1.2173229 0.6330708 1.2173229 0.7332667 19 P 0
L 1.2173229 0.6330708 1.230315 0.6200787 19 P 0
L 1.2204724 1.190945 1.2204724 1.2090658 19 P 0
L 1.2204724 1.190945 1.2992127 1.1122047 19 P 0
L 1.2224409 1.4259843 1.3045276 1.4259843 19 P 0
L 1.2234252 1.9068897 1.387008 1.9068897 19 P 0
L 1.2234252 2.0068897 1.2234252 2.1190945 22 P 0
L 1.2234252 2.0068897 1.4702756 2.0068897 26 P 0
L 1.2234252 2.1190945 1.2893701 2.1850394 22 P 0
L 1.2283465 3.0787402 1.2639764 3.1143701 19 P 0
L 1.230315 0.6200787 2.1555118 0.6200787 19 P 0
L 1.230315 1.2952756 1.3795276 1.2952756 19 P 0
L 1.2442205 0.2124724 2.1370543 0.2124724 26 P 0
L 1.248945 4.2795276 1.4559332 4.2795276 19 P 0
L 1.2511468 1.8011811 1.3681103 1.8011811 19 P 0
L 1.2636535 3.4435936 1.2636535 3.509556 19 P 0
L 1.2636535 3.4435936 1.2639764 3.4432707 19 P 0
L 1.2636535 3.509556 1.2639764 3.5098789 19 P 0
L 1.2639764 3.1143701 1.2639764 3.4432707 19 P 0
L 1.2639764 3.5098789 1.2639764 3.5395669 19 P 0
L 1.2639764 3.5395669 1.3090551 3.5395669 19 P 0
L 1.2893701 2.1850394 1.3316934 2.1850394 22 P 0
L 1.2992127 1.1122047 1.5253729 1.1122047 19 P 0
L 1.3009843 2.4706692 1.3011811 2.4704724 19 P 0
L 1.3045276 1.1646809 1.3045276 1.2314961 19 P 0
L 1.3045276 1.1646809 1.3160589 1.1531496 19 P 0
L 1.3045276 1.4259843 1.3545276 1.4259843 19 P 0
L 1.3090551 2.8351432 1.3090551 3.4765748 19 P 0
L 1.3090551 3.4765748 1.3119095 3.4737204 19 P 0
L 1.3090551 3.5395669 1.3090551 3.6708661 19 P 0
L 1.3090551 3.6708661 1.3090551 3.7100788 19 P 0
L 1.3090551 3.6708661 1.3877953 3.6708661 19 P 0
L 1.3090551 3.7730709 1.3090551 3.7996614 19 P 0
L 1.3090551 3.7730709 1.3855905 3.7730709 19 P 0
L 1.3090551 3.7996614 1.3119095 3.8025158 19 P 0
L 1.3096447 1.6387785 1.3125984 1.6387785 19 P 0
L 1.3119095 3.4737204 1.384941 3.4737204 19 P 0
L 1.3119095 3.8025158 1.3119095 4.0255905 19 P 0
L 1.3119095 4.1830709 1.3839841 4.1830709 19 P 0
L 1.3160589 1.1531496 1.506406 1.1531496 19 P 0
L 1.3277559 2.1161417 1.3277559 2.1811019 19 P 0
L 1.3277559 2.1811019 1.3316934 2.1850394 22 P 0
L 1.3316934 2.1850394 1.5431109 2.1850394 22 P 0
L 1.376264 1.6978341 1.3877953 1.6863028 19 P 0
L 1.3795276 1.2952756 1.4045276 1.3202756 19 P 0
L 1.3839841 4.1830709 1.4267993 4.1402557 19 P 0
L 1.384941 3.4737204 1.3877953 3.4708661 19 P 0
L 1.3855905 3.7730709 1.3877953 3.7708661 19 P 0
L 1.387008 1.9068897 1.4370079 1.8568898 19 P 0
L 1.3877953 1.5538208 1.3877953 1.6863028 19 P 0
L 1.3877953 1.5538208 1.4545276 1.4870885 19 P 0
L 1.3877953 3.0708661 1.3976378 3.0708661 19 P 0
L 1.3877953 3.1708661 1.3973426 3.1708661 19 P 0
L 1.3877953 3.4708661 1.537874 3.4708661 19 P 0
L 1.3877953 3.6708661 1.477874 3.6708661 19 P 0
L 1.3877953 3.7708661 1.5764567 3.7708661 19 P 0
L 1.3944882 1.0718401 1.5295186 1.0718401 19 P 0
L 1.3973426 3.1708661 1.6548229 2.9133858 19 P 0
L 1.3976378 3.0708661 1.6535433 2.8149606 19 P 0
L 1.4045276 1.3202756 1.4045276 1.4259843 19 P 0
L 1.4267993 4.0797242 1.4267993 4.1402557 19 P 0
L 1.4370079 1.8011811 1.4370079 1.8568898 19 P 0
L 1.4545276 1.4259843 1.4545276 1.4398443 19 P 0
L 1.4545276 1.4398443 1.4545276 1.4870885 19 P 0
L 1.4545276 1.4398443 1.4564961 1.4418128 19 P 0
L 1.4559332 4.2795276 1.5252245 4.2102363 19 P 0
L 1.4564961 1.4418128 1.5303156 1.4418128 19 P 0
L 1.4629922 1.5701598 1.4629922 1.6387785 19 P 0
L 1.4629922 1.5701598 1.5283471 1.5048049 19 P 0
L 1.4629922 1.6387785 1.4629922 1.6417322 19 P 0
L 1.4629922 1.6417322 1.9270994 1.6452158 19 P 0
L 1.4702756 2.0068897 1.4712599 2.007874 26 P 0
L 1.477874 3.6708661 1.6653543 3.4833858 19 P 0
L 1.4812993 2.1161417 1.5605315 2.1161417 19 P 0
L 1.4919803 2.2205236 1.515748 2.2442913 19 P 0
L 1.506406 1.1531496 1.5307318 1.1774754 19 P 0
L 1.515748 2.2442913 1.515748 2.4448758 19 P 0
L 1.515748 2.4448758 1.5413446 2.4704724 19 P 0
L 1.5252245 4.0797242 1.5252245 4.2102363 19 P 0
L 1.5252245 4.0797242 1.6125554 4.0797242 19 P 0
L 1.5253729 1.1122047 1.9586614 1.5454932 19 P 0
L 1.5283471 1.5048049 1.5303156 1.5048049 19 P 0
L 1.5295186 1.0718401 1.988189 1.5305105 19 P 0
L 1.5303156 1.387243 1.5303156 1.4418128 19 P 0
L 1.5303156 1.387243 1.5307318 1.3868268 19 P 0
L 1.5303156 1.5048049 1.6090557 1.5048049 19 P 0
L 1.5307318 1.1774754 1.5307318 1.2972442 19 P 0
L 1.5307318 1.2972442 1.6094718 1.2972442 19 P 0
L 1.5307318 1.3602363 1.5307318 1.3868268 19 P 0
L 1.5307318 1.3602363 1.5307319 1.3602362 19 P 0
L 1.5307319 1.3602362 1.6094719 1.3602362 19 P 0
L 1.537874 3.4708661 1.6653543 3.3433858 19 P 0
L 1.5413446 2.4704724 1.6742126 2.4704724 19 P 0
L 1.5421968 3.1339843 1.5421968 3.2626564 19 P 0
L 1.5421968 3.1339843 1.6643701 3.011811 19 P 0
L 1.5421968 3.2626564 1.5433199 3.2637795 19 P 0
L 1.5431109 2.1850394 1.5923235 2.1358268 22 P 0
L 1.5605315 2.1161417 1.5816929 2.0949803 19 P 0
L 1.5764567 3.7708661 1.6653543 3.6819685 19 P 0
L 1.5816929 2.0068897 1.5816929 2.0949803 19 P 0
L 1.5816929 2.0068897 1.5826772 2.007874 19 P 0
L 1.581693 1.9068896 1.6807088 1.9068896 19 P 0
L 1.5826772 2.007874 1.6978347 2.007874 19 P 0
L 1.5923235 2.1358268 1.6368111 2.1358268 22 P 0
L 1.6090557 1.5048049 1.6090558 1.504805 19 P 0
L 1.6090558 1.3872428 1.6090558 1.4418129 19 P 0
L 1.6090558 1.3872428 1.6094719 1.3868267 19 P 0
L 1.6094718 1.2972442 1.6094719 1.2972441 19 P 0
L 1.6094719 1.2972441 1.668707 1.3019543 19 P 0
L 1.6094719 1.3602362 1.6094719 1.3868267 19 P 0
L 1.6125554 4.0797242 1.8897636 3.802516 19 P 0
L 1.6206397 1.7279232 1.6830709 1.7903544 19 P 0
L 1.6535433 2.8149606 1.6643701 2.8149606 19 P 0
L 1.6548229 2.9133858 1.6643701 2.9133858 19 P 0
L 1.6643701 2.8149606 1.7381889 2.8149606 19 P 0
L 1.6643701 2.9133858 1.7381889 2.9133858 19 P 0
L 1.6643701 3.1102362 1.6653543 3.1112204 19 P 0
L 1.6643701 3.1102362 1.8011811 3.1102362 19 P 0
L 1.6653543 3.1112204 1.6653543 3.3433858 19 P 0
L 1.6653543 3.4833858 1.7440945 3.562126 19 P 0
L 1.6653543 3.8219685 1.7440945 3.7432283 19 P 0
L 1.668707 1.3019543 1.6759372 1.3025292 19 P 0
L 1.6742126 2.214567 1.6742126 2.3720472 22 P 0
L 1.6742126 2.4704724 1.7893701 2.4704724 19 P 0
L 1.6759372 1.3025292 1.6812391 1.3078311 19 P 0
L 1.6807088 1.9068896 1.6830709 1.9045275 19 P 0
L 1.6812391 1.3078311 1.9309764 1.5701686 19 P 0
L 1.6830709 1.7903544 1.6830709 1.8356299 19 P 0
L 1.7116142 2.1081278 1.7116142 2.1358268 19 P 0
L 1.7116142 2.1081278 1.7667323 2.0530097 19 P 0
L 1.7440945 3.562126 1.7440945 3.7432283 19 P 0
L 1.7667323 1.7814961 1.7667323 1.8356299 19 P 0
L 1.7667323 1.9045275 1.7667323 2.007874 19 P 0
L 1.7667323 2.007874 1.7667323 2.0530097 19 P 0
L 1.7893701 2.4704724 1.8897636 2.5708659 19 P 0
L 1.8011811 3.1102362 1.8208661 3.0905512 19 P 0
L 1.8208661 2.8149606 1.8208661 2.9133858 19 P 0
L 1.8208661 2.9133858 1.8208661 3.0905512 19 P 0
L 1.8897636 2.5708659 1.8897636 3.802516 19 P 0
L 1.9270393 2.1333712 1.9270393 2.6804211 19 P 0
L 1.9270393 2.1333712 1.9309763 1.6729368 19 P 0
L 1.9270393 2.6804211 1.9291339 2.6825157 19 P 0
L 1.9270994 1.6452158 1.9309764 1.645245 19 P 0
L 1.9291339 2.6825157 1.9291339 3.1102362 19 P 0
L 1.9309763 1.6729368 1.9309764 1.645245 19 P 0
L 1.9309764 1.5701686 1.9309764 1.645245 19 P 0
L 1.9586614 1.5454932 1.9586614 2.6673228 19 P 0
L 1.988189 1.5305105 1.988189 2.5787401 19 P 0
L 1.988189 2.5787401 2.0275591 2.6181102 19 P 0
L 2.015748 3.7190905 2.015748 3.9645669 23 P 0
L 2.015748 3.7190905 2.0423188 3.6925197 23 P 0
L 2.015748 3.9645669 2.015748 4.1535433 23 P 0
L 2.015748 3.9645669 2.1047244 3.9645669 20 P 0
L 2.015748 4.1535433 2.015748 4.6334646 23 P 0
L 2.015748 4.1535433 2.173622 4.1535433 20 P 0
L 2.015748 4.6334646 2.2444881 4.8622047 23 P 0
L 2.0423188 3.6925197 2.1555118 3.6925197 23 P 0
L 2.1161417 1.5679134 2.1161417 1.753937 20 P 0
L 2.1161417 1.5679134 2.1437008 1.5403543 20 P 0
L 2.1161417 1.853937 2.1161417 1.8568898 20 P 0
L 2.1161417 1.8568898 2.1161417 1.953937 20 P 0
L 2.1161417 1.8568898 2.4590551 1.8568898 20 P 0
L 2.1161417 1.953937 2.1161417 2.053937 20 P 0
L 2.1161417 2.253937 2.1195073 2.2505714 20 P 0
L 2.1161417 2.353937 2.1925258 2.353937 20 P 0
L 2.1195073 2.2505714 2.1965585 2.2505714 20 P 0
L 2.1555118 0.6200787 2.2637795 0.511811 19 P 0
L 2.1555118 3.6925197 2.5409449 3.6925197 23 P 0
L 2.1560732 3.4930811 2.2244095 3.4930811 23 P 0
L 2.1925258 2.353937 2.2244094 2.3858206 20 P 0
L 2.1965585 2.2505714 2.2775589 2.169571 20 P 0
L 2.2047244 3.9645669 2.2834646 3.9645669 20 P 0
L 2.2244094 2.3858206 2.2244094 3.493081 20 P 0
L 2.2244094 3.493081 2.2244095 3.4930811 20 P 0
L 2.2244095 3.4930811 2.7273623 3.4930811 23 P 0
L 2.2444881 4.8622047 6.9488189 4.8622047 23 P 0
L 2.273622 3.9744095 2.273622 4.1535433 20 P 0
L 2.273622 3.9744095 2.2834646 3.9645669 20 P 0
L 2.2775589 1.9862205 2.2775589 2.169571 20 P 0
L 2.2834646 3.9645669 2.3437008 3.9645669 20 P 0
L 2.3437008 3.9003937 2.3437008 3.9645669 20 P 0
L 2.3437008 3.9003937 2.3779528 3.8661417 20 P 0
L 2.373622 4.0396457 2.373622 4.1535433 20 P 0
L 2.373622 4.0396457 2.4437008 3.9695669 20 P 0
L 2.373622 4.1535433 2.5619623 4.1535433 20 P 0
L 2.3779528 3.8661417 2.8206137 3.8661417 20 P 0
L 2.4437008 3.9645669 2.4437008 3.9695669 20 P 0
L 2.4590551 0.6094488 2.5295275 0.5389764 26 P 0
L 2.5393701 0.2359518 2.6102755 0.2359518 19 P 0
L 2.5409449 3.6925197 2.5787402 3.730315 23 P 0
L 2.5492126 2.8051181 2.5492126 3.1003937 23 P 0
L 2.5492126 2.8051181 2.6968504 2.6574803 23 P 0
L 2.5492126 3.1003937 2.5492126 3.1791338 23 P 0
L 2.5492126 3.1791338 2.6141733 3.2440945 23 P 0
L 2.5492126 3.6023622 2.5492126 3.6122047 23 P 0
L 2.5492126 3.6122047 2.5492126 3.6900955 23 P 0
L 2.5619623 4.1535433 2.6210174 4.0944882 20 P 0
L 2.5787402 3.730315 2.8326772 3.730315 23 P 0
L 2.6102755 0.2359518 2.6195275 0.2452038 19 P 0
L 2.6141733 3.2440945 2.9685039 3.2440945 23 P 0
L 2.6195275 0.2452038 2.6195275 0.2818898 19 P 0
L 2.6210174 4.0944882 2.6279528 4.0944882 20 P 0
L 2.7066929 3.1023622 2.7165354 3.1023622 23 P 0
L 2.7165354 3.1023622 2.8779528 3.1023622 23 P 0
L 2.7165354 3.5039371 2.7165354 3.6141732 23 P 0
L 2.7165354 3.5039371 2.7273623 3.4931102 23 P 0
L 2.7273623 3.4931102 2.9822834 3.4931102 23 P 0
L 2.7679528 4.0944882 2.7679528 4.3383464 23 P 0
L 2.7679528 4.0944882 2.9084565 3.9539845 23 P 0
L 2.7679528 4.3383464 3.1737009 4.7440945 23 P 0
L 2.8206137 3.8661417 2.9084565 3.9539845 20 P 0
L 2.8326772 3.730315 2.8779528 3.6850394 23 P 0
L 2.8444882 0.2362205 2.8464568 0.2381891 19 P 0
L 2.8444882 0.2362205 2.9055511 0.2362205 19 P 0
L 2.8779528 3.1023622 2.8937008 3.0866142 23 P 0
L 2.8779528 3.6023622 2.8779528 3.6141732 23 P 0
L 2.8779528 3.6141732 2.8779528 3.6850394 23 P 0
L 2.8937008 2.6574803 2.8937008 3.0866142 23 P 0
L 2.9055511 0.2362205 2.9148031 0.2454725 19 P 0
L 2.9084565 3.9539845 2.9711812 3.8912598 23 P 0
L 2.9148031 0.2454725 2.9148031 0.2818898 19 P 0
L 2.9685039 3.2440945 3.0354331 3.1771653 23 P 0
L 2.9711812 3.8912598 3.0354331 3.8270079 23 P 0
L 2.9711812 3.8912598 3.0464568 3.9665354 20 P 0
L 2.9822834 3.4931102 3.0354331 3.5462599 23 P 0
L 3.0354331 3.0866142 3.0354331 3.1023622 23 P 0
L 3.0354331 3.1023622 3.0354331 3.1771653 23 P 0
L 3.0354331 3.5462599 3.0354331 3.6141732 23 P 0
L 3.0354331 3.6141732 3.0354331 3.8270079 23 P 0
L 3.0464568 3.9665354 3.1488189 3.9665354 20 P 0
L 3.0496063 0.7480315 3.0511811 0.7464567 26 P 0
L 3.0511811 0.6206693 3.1200787 0.5517717 26 P 0
L 3.1200787 0.5389764 3.1200787 0.5517717 26 P 0
L 3.1397638 0.2362205 3.2008267 0.2362205 19 P 0
L 3.1488189 3.9665354 3.1509843 3.9687008 20 P 0
L 3.1507874 4.1535433 3.1509843 4.1533464 20 P 0
L 3.1507874 4.1535433 3.1572658 4.1600217 20 P 0
L 3.1509843 3.9687008 3.1509843 4.1533464 20 P 0
L 3.1572658 4.1600217 3.1572658 4.213158 20 P 0
L 3.1572658 4.213158 3.1803283 4.2362205 20 P 0
L 3.1737009 4.7440945 6.8799212 4.7440945 23 P 0
L 3.1803283 4.2362205 3.440396 4.2362205 20 P 0
L 3.2008267 0.2362205 3.2100787 0.2454725 19 P 0
L 3.2086614 2.8444884 3.2086614 3.5029371 21 P 0
L 3.2086614 2.8444884 3.2874016 2.7657482 21 P 0
L 3.2086614 3.5029371 3.2086614 3.6489077 21 P 0
L 3.2086614 3.5029371 3.4478975 3.5029371 21 P 0
L 3.2086614 3.6489077 3.3009113 3.7411576 21 P 0
L 3.2100787 0.2454725 3.2100787 0.2818898 19 P 0
L 3.2488189 3.9665354 3.2498032 3.9675197 20 P 0
L 3.2498032 3.9675197 3.2498032 4.1525591 20 P 0
L 3.2498032 4.1525591 3.2507874 4.1535433 20 P 0
L 3.2507874 3.9645669 3.5984252 3.9645669 20 P 0
L 3.2874016 0.1181102 3.3051024 0.135811 26 P 0
L 3.2874016 2.6574803 3.2874016 2.7657482 21 P 0
L 3.3009113 3.7411576 3.4488975 3.7411576 21 P 0
L 3.3051024 0.135811 3.4399606 0.135811 26 P 0
L 3.433071 3.0314961 3.6009135 2.8636536 21 P 0
L 3.44 0.2362205 3.5067249 0.2362205 19 P 0
L 3.440396 4.2362205 3.5205512 4.1560653 20 P 0
L 3.4409449 3.0394488 3.4488975 3.0314962 21 P 0
L 3.4409449 3.0394488 3.4488975 3.0474014 21 P 0
L 3.4470718 0.0873469 3.4470718 0.135811 26 P 0
L 3.4470718 0.0873469 3.4655218 0.0688969 26 P 0
L 3.4478975 3.5029371 3.4488975 3.5039371 21 P 0
L 3.4488975 3.0474014 3.4488975 3.2440945 21 P 0
L 3.4488975 3.5039371 3.484252 3.5039371 21 P 0
L 3.4488975 3.7411576 3.484252 3.7411576 21 P 0
L 3.4655218 0.0688969 3.9884398 0.0688969 26 P 0
L 3.5053543 0.2454725 3.5053543 0.2818898 19 P 0
L 3.5067249 0.2362205 3.5084728 0.2344726 19 P 0
L 3.5084728 0.1496063 3.5084728 0.2344726 19 P 0
L 3.5159694 0.135811 3.5949311 0.135811 19 P 0
L 3.5205512 4.0944882 3.5205512 4.1560653 20 P 0
L 3.5984252 3.9645669 3.6605512 4.0266929 20 P 0
L 3.6009135 2.8636536 3.9375276 2.8636536 21 P 0
L 3.6486221 0.2393701 3.6638287 0.2393701 26 P 0
L 3.6486221 0.3393701 3.6490158 0.3389764 19 P 0
L 3.6490158 0.3389764 3.7781496 0.3389764 19 P 0
L 3.6605512 4.0266929 3.6605512 4.0944882 20 P 0
L 3.6638287 0.135811 3.6638287 0.2393701 19 P 0
L 3.6638287 0.135811 3.6658123 0.1377946 26 P 0
L 3.6658123 0.1377946 3.7403096 0.1377946 19 P 0
L 3.7403096 0.1377946 3.7531206 0.1377946 28 P 0
L 3.7781496 0.3389764 3.7785433 0.3385827 19 P 0
L 3.9015748 3.1954016 3.9015748 3.503937 21 P 0
L 3.9015748 3.1954016 4.0678425 3.0291339 21 P 0
L 3.9015748 3.503937 3.9015748 3.872317 21 P 0
L 3.9015748 3.503937 4.2224409 3.503937 21 P 0
L 3.9015748 3.872317 3.9938247 3.9645669 21 P 0
L 3.906664 0.1377946 4.0068898 0.1377946 19 P 0
L 3.9375276 2.8636536 4.0748031 2.7263781 21 P 0
L 3.9884398 0.0688969 4.0068898 0.0873469 26 P 0
L 3.9938247 3.9645669 4.3270414 3.9645669 21 P 0
L 3.9938247 4.135547 3.9938247 4.181662 19 P 0
L 3.9938247 4.135547 4.005356 4.1240157 19 P 0
L 3.9938247 4.2446541 4.0636494 4.2446541 19 P 0
L 4.005356 4.1240157 4.1124844 4.1240157 19 P 0
L 4.0068898 0.0873469 4.0068898 0.1397638 26 P 0
L 4.0068898 0.1397638 4.0068898 0.2393701 26 P 0
L 4.0068898 0.1397638 4.3917323 0.1397638 19 P 0
L 4.0068898 0.3393701 4.0070866 0.3395669 19 P 0
L 4.0068898 0.3393701 4.0072835 0.3389764 19 P 0
L 4.0070866 0.3395669 4.1240157 0.3395669 19 P 0
L 4.0636494 4.2446541 4.0740157 4.2342878 19 P 0
L 4.0678425 3.0291339 4.7637795 3.0291339 21 P 0
L 4.0740157 4.2234252 4.0740157 4.2342878 19 P 0
L 4.0740157 4.2234252 4.0783095 4.227719 19 P 0
L 4.0748031 2.6574803 4.0748031 2.7263781 21 P 0
L 4.0783095 4.227719 4.0783095 4.3263411 19 P 0
L 4.0783095 4.3263411 4.0925196 4.3405512 19 P 0
L 4.1124844 4.1240157 4.1240157 4.135547 19 P 0
L 4.1240157 0.2706693 4.1765749 0.2706693 19 P 0
L 4.1240157 4.135547 4.1240157 4.2234252 19 P 0
L 4.1535433 3.2677166 4.1888975 3.2677166 21 P 0
L 4.1555117 3.7401576 4.1888975 3.7401576 21 P 0
L 4.1555117 4.3405512 4.1697219 4.326341 19 P 0
L 4.1697219 4.227719 4.1697219 4.326341 19 P 0
L 4.1697219 4.227719 4.1740157 4.2234252 19 P 0
L 4.1765749 0.2706693 4.2307087 0.3248031 19 P 0
L 4.1888975 3.2677166 4.4311025 3.2677166 21 P 0
L 4.1888975 3.7401576 4.3110235 3.7401576 21 P 0
L 4.3110235 3.7401576 4.480315 3.5708661 21 P 0
L 4.3270414 3.9645669 4.4192913 4.0568168 21 P 0
L 4.3594107 1.146063 4.4542182 1.146063 19 P 0
L 4.3594107 1.4319278 4.3594107 1.5114174 19 P 0
L 4.3594107 1.4319278 4.4125983 1.3787402 19 P 0
L 4.3594107 1.5114174 4.3594107 1.6929325 19 P 0
L 4.3594107 1.6929515 4.3594488 1.6929134 19 P 0
L 4.3917323 0.1397638 4.6751969 0.4232284 19 P 0
L 4.4094488 1.6929134 4.4094488 1.781496 19 P 0
L 4.4094488 1.781496 4.4586615 1.8307087 19 P 0
L 4.4125983 1.3787402 4.488189 1.3787402 19 P 0
L 4.4192913 4.0568168 4.4192913 4.2778288 21 P 0
L 4.4192913 4.2778288 4.5115412 4.3700787 21 P 0
L 4.4311025 3.2677166 4.480315 3.3169291 21 P 0
L 4.4542182 1.146063 4.488189 1.1800338 19 P 0
L 4.4542182 1.146063 4.6258718 0.9744094 19 P 0
L 4.4586615 1.8307087 4.8818898 1.8307087 19 P 0
L 4.4594488 1.5248033 4.4594488 1.6929134 19 P 0
L 4.4594488 1.5248033 4.8259846 1.1582675 19 P 0
L 4.480315 3.3169291 4.480315 3.5708661 21 P 0
L 4.488189 1.1800338 4.488189 1.2787402 19 P 0
L 4.5003937 3.3291339 4.7637795 3.3291339 21 P 0
L 4.5115412 4.3700787 6.0629921 4.3700787 21 P 0
L 4.5177165 2.1516851 4.5177165 2.4665354 20 P 0
L 4.5177165 2.1516851 4.6850394 1.9843622 20 P 0
L 4.5177165 2.4665354 4.6322835 2.5811024 20 P 0
L 4.6258718 0.9744094 4.9311023 0.9744094 19 P 0
L 4.6322835 2.5811024 4.7637795 2.5811024 20 P 0
L 4.6751969 0.4232284 4.6751969 0.8070867 19 P 0
L 4.6751969 0.8070867 4.7440945 0.8759843 19 P 0
L 4.6850394 1.0643622 4.6857244 1.0636772 19 P 0
L 4.6857244 1.0636772 4.8607322 1.0636772 19 P 0
L 4.7440945 0.8759843 4.852642 0.8759843 19 P 0
L 4.7637795 2.2811024 4.9062992 2.2811024 21 P 0
L 4.7637795 2.5811024 4.7637795 3.0291339 21 P 0
L 4.7637795 3.3291339 5.0984251 3.3291339 21 P 0
L 4.7657634 3.7146299 4.7687163 3.7175828 20 P 0
L 4.7687163 3.7175828 4.7687163 3.8297242 20 P 0
L 4.7687163 3.8297242 4.7716693 3.8326772 20 P 0
L 4.7716693 3.8326772 4.7716693 3.9409448 20 P 0
L 4.7716693 3.9409448 4.7767795 3.946055 20 P 0
L 4.7767795 3.946055 4.7767795 4.148433 20 P 0
L 4.7767795 4.148433 4.7818898 4.1535433 20 P 0
L 4.7826772 0.6978347 4.786971 0.6935409 19 P 0
L 4.786971 0.5949189 4.786971 0.6935409 19 P 0
L 4.786971 0.5949189 4.8011812 0.5807087 19 P 0
L 4.8011812 0.5521497 4.8011812 0.5807087 19 P 0
L 4.8011812 0.5521497 4.8434883 0.5098426 19 P 0
L 4.8011812 0.7696849 4.8011812 0.8070866 19 P 0
L 4.8011812 0.7696849 4.8326772 0.7381889 19 P 0
L 4.8259846 1.1582675 4.8818898 1.1582675 19 P 0
L 4.8326772 0.6978347 4.8326772 0.7381889 19 P 0
L 4.8434883 0.5098426 7.1062993 0.5098426 19 P 0
L 4.852642 0.8759843 4.8641733 0.864453 19 P 0
L 4.8607322 1.0636772 4.8614173 1.0629921 19 P 0
L 4.8614173 1.0629921 4.8614173 1.0708876 19 P 0
L 4.8614173 1.0708876 4.8818898 1.0913601 19 P 0
L 4.8641733 0.5807087 4.8783834 0.5949188 19 P 0
L 4.8641733 0.5807087 4.9035434 0.5413386 19 P 0
L 4.8641733 0.7785276 4.8641733 0.8070866 19 P 0
L 4.8641733 0.7785276 4.8826772 0.7600237 19 P 0
L 4.8641733 0.8070866 4.8641733 0.864453 19 P 0
L 4.8708919 2.2811024 4.8818898 2.2921003 20 P 0
L 4.8737936 1.5663639 4.9614173 1.4787402 20 P 0
L 4.8783834 0.5949188 4.8783834 0.6935409 19 P 0
L 4.8783834 0.6935409 4.8826772 0.6978347 19 P 0
L 4.8818898 1.0913601 4.8818898 1.1582675 19 P 0
L 4.8818898 1.5582677 4.8818898 1.8307087 20 P 0
L 4.8818898 1.8307087 4.8818898 1.9972136 20 P 0
L 4.8818898 1.8307087 4.9311024 1.8307087 20 P 0
L 4.8818898 1.9972136 4.8818898 2.2921003 20 P 0
L 4.8818898 1.9972136 4.9311024 1.9972136 20 P 0
L 4.8818898 4.1535433 4.8818898 4.222441 19 P 0
L 4.8818898 4.222441 4.9015748 4.242126 19 P 0
L 4.8826772 0.6978347 4.8826772 0.7600237 19 P 0
L 4.9015748 4.242126 5.1578903 4.242126 19 P 0
L 4.9035434 0.5413386 6.8799212 0.5413386 19 P 0
L 4.9062992 2.2811024 5.2066928 2.581496 21 P 0
L 4.9311023 0.9744094 4.9614173 1.0047244 19 P 0
L 4.9614173 1.0047244 4.9614173 1.0629921 19 P 0
L 4.9614173 1.0629921 4.9614173 1.4787402 20 P 0
L 4.9614173 1.0629921 5.0895669 1.0629921 20 P 0
L 4.9818898 3.6158719 4.9818898 3.8326772 21 P 0
L 4.9818898 3.6158719 5.0741397 3.523622 21 P 0
L 4.9818898 3.8326772 4.9818898 4.015748 21 P 0
L 4.9818898 3.8326772 5.1670034 3.8326772 23 P 0
L 4.9818898 4.015748 4.9818898 4.1535433 23 P 0
L 5.0492126 1.148425 5.0931298 1.148425 19 P 0
L 5.0492126 1.5484252 5.16063 1.5484252 19 P 0
L 5.0741397 3.523622 5.6003936 3.523622 21 P 0
L 5.0895669 1.0629921 5.2029528 1.176378 20 P 0
L 5.0895669 1.0629921 5.3218503 0.8307087 20 P 0
L 5.0931298 1.148425 5.246063 1.3013582 19 P 0
L 5.1082677 3.3291339 5.2066928 3.3291339 21 P 0
L 5.1578903 4.242126 5.1775754 4.2224409 19 P 0
L 5.16063 1.5484252 5.2165354 1.6043306 19 P 0
L 5.1716695 3.8326772 5.246063 3.8326772 19 P 0
L 5.1775754 4.0255905 5.2460631 4.0255905 19 P 0
L 5.2029528 1.176378 5.2982283 1.176378 20 P 0
L 5.2066928 2.581496 5.2066928 3.1988188 21 P 0
L 5.2066928 3.1988188 5.2066928 3.3291339 21 P 0
L 5.2066928 3.3291339 5.2066929 3.3291339 21 P 0
L 5.2165354 1.6043306 5.2165354 2.4212598 19 P 0
L 5.2165354 2.4212598 5.3716536 2.576378 19 P 0
L 5.246063 1.3013582 5.246063 2.3326772 19 P 0
L 5.246063 2.3326772 5.2897638 2.376378 19 P 0
L 5.246063 3.8326772 5.2755906 3.8622048 19 P 0
L 5.2460631 4.0255905 5.2755906 3.996063 19 P 0
L 5.2755906 3.8622048 5.2755906 3.996063 19 P 0
L 5.2897638 2.376378 5.4232283 2.376378 19 P 0
L 5.2976378 1.1769685 5.2982283 1.176378 20 P 0
L 5.2982283 1.176378 5.4232283 1.176378 20 P 0
L 5.2988189 1.1769685 5.2988189 1.3779527 20 P 0
L 5.2988189 1.3779527 5.2988189 1.6732283 20 P 0
L 5.2988189 1.3779527 5.3003936 1.376378 20 P 0
L 5.2988189 1.6732283 5.2988189 2.0767717 20 P 0
L 5.2988189 1.6732283 5.3019686 1.676378 20 P 0
L 5.2988189 2.0767717 5.2988189 2.2476378 20 P 0
L 5.2988189 2.0767717 5.2992126 2.076378 20 P 0
L 5.2988189 2.2476378 5.3275591 2.276378 20 P 0
L 5.2992126 2.076378 5.4232283 2.076378 20 P 0
L 5.3003936 1.376378 5.4232283 1.376378 20 P 0
L 5.3019686 1.676378 5.4232283 1.676378 20 P 0
L 5.3218503 0.8307087 5.6992126 0.8307087 20 P 0
L 5.3275591 2.276378 5.4232283 2.276378 20 P 0
L 5.3563145 3.7146299 5.3592674 3.7175828 20 P 0
L 5.3592674 3.7175828 5.3592674 3.8297242 20 P 0
L 5.3592674 3.8297242 5.3622204 3.8326772 20 P 0
L 5.3622204 3.8326772 5.3622204 3.9409448 20 P 0
L 5.3622204 3.9409448 5.3673306 3.946055 20 P 0
L 5.3673306 3.946055 5.3673306 4.148433 20 P 0
L 5.3673306 4.148433 5.3724409 4.1535433 20 P 0
L 5.3716536 2.576378 5.4232283 2.576378 19 P 0
L 5.4232283 1.476378 5.9251967 1.476378 20 P 0
L 5.4232283 1.576378 5.7692914 1.576378 20 P 0
L 5.4232283 1.776378 5.6948819 1.776378 20 P 0
L 5.4232283 1.876378 5.6322835 1.876378 20 P 0
L 5.4232283 1.976378 5.4291338 1.9822835 20 P 0
L 5.4232283 2.476378 5.6259843 2.476378 20 P 0
L 5.4291338 1.9822835 5.5846457 1.9822835 20 P 0
L 5.5724409 4.0255906 5.5724409 4.1535433 23 P 0
L 5.5846457 1.9822835 5.6791339 2.0767717 20 P 0
L 5.6003936 3.1988188 5.6003936 3.523622 21 P 0
L 5.6003936 3.523622 5.6003936 3.8622048 21 P 0
L 5.6003936 3.8326772 5.7575986 3.8326772 23 P 0
L 5.6007379 3.8622048 5.6007379 3.9972936 21 P 0
L 5.6322835 1.876378 5.738189 1.9822835 20 P 0
L 5.6791339 2.0767717 5.6791339 2.7362205 20 P 0
L 5.6791339 2.7362205 6.3976378 3.4547244 20 P 0
L 5.6948819 1.776378 5.7972441 1.8787402 20 P 0
L 5.6992126 0.6885827 5.6992126 0.8307087 20 P 0
L 5.6992126 0.6885827 5.738189 0.6496063 20 P 0
L 5.7112598 1.0111812 5.7112598 1.0925197 20 P 0
L 5.7112598 1.0111812 5.7992126 0.9232284 20 P 0
L 5.738189 0.6496063 6.4598426 0.6496063 20 P 0
L 5.738189 1.9822835 5.738189 2.7066929 20 P 0
L 5.738189 2.7066929 6.4094488 3.3779527 20 P 0
L 5.7622206 3.8326772 5.8366142 3.8326772 19 P 0
L 5.7681265 3.4936846 5.7681265 3.7146299 20 P 0
L 5.7681265 3.4936846 5.8366142 3.4251969 20 P 0
L 5.7681265 4.0255905 5.8280023 4.0255905 19 P 0
L 5.7692914 1.576378 5.8562992 1.6633858 20 P 0
L 5.7972441 1.8787402 5.7972441 2.6771653 20 P 0
L 5.7972441 2.6771653 6.1909449 3.0708661 20 P 0
L 5.7992126 0.8307087 5.7992126 0.9232284 20 P 0
L 5.7992126 0.8307087 5.8992126 0.8307087 20 P 0
L 5.8280023 4.0255905 5.8562992 3.9972936 19 P 0
L 5.8366142 3.4251967 5.8366142 3.4251969 20 P 0
L 5.8366142 3.4251967 6.0629921 3.1988188 20 P 0
L 5.8366142 3.8326772 5.8562992 3.8523622 19 P 0
L 5.8562992 1.6633858 5.8562992 2.6476378 20 P 0
L 5.8562992 2.6476378 6.2401575 3.0314961 20 P 0
L 5.8562992 3.8523622 5.8562992 3.9972936 19 P 0
L 5.8992126 0.8307087 6.0007874 0.8307087 20 P 0
L 5.9251967 1.476378 5.9727596 1.4288151 20 P 0
L 5.9370232 3.7146299 5.9399761 3.7175828 20 P 0
L 5.9399761 3.7175828 5.9399761 3.8297242 20 P 0
L 5.9399761 3.8297242 5.9429291 3.8326772 20 P 0
L 5.9429291 3.8326772 5.9429291 3.9409448 20 P 0
L 5.9429291 3.9409448 5.9510253 3.949041 20 P 0
L 5.9510253 3.949041 5.9510253 4.1415765 20 P 0
L 5.9510253 4.1415765 5.9629921 4.1535433 20 P 0
L 5.9727596 1.3796025 5.9727596 1.4288151 20 P 0
L 5.9727596 1.3796025 6.023622 1.3287401 20 P 0
L 6.0007874 0.8307087 6.046063 0.8759843 20 P 0
L 6.0007874 0.8307087 6.0795276 0.7519685 20 P 0
L 6.023622 1.3287401 6.5255906 1.3287401 21 P 0
L 6.023622 2.2145669 6.023622 2.2637795 21 P 0
L 6.023622 2.2637795 6.1299212 2.3700787 21 P 0
L 6.046063 0.8759843 6.2295276 0.8759843 20 P 0
L 6.0629921 4.1535433 6.0629921 4.281496 23 P 0
L 6.0629921 4.281496 6.0629921 4.3700787 21 P 0
L 6.0629921 4.3700787 6.3582677 4.3700787 21 P 0
L 6.1299212 2.3700787 6.5255906 2.3700787 21 P 0
L 6.2204724 3.7376924 6.2204724 3.9074803 20 P 0
L 6.2204724 3.7376924 6.2435349 3.7146299 20 P 0
L 6.2204724 3.9074803 6.2539369 3.9409448 20 P 0
L 6.2435349 3.7146299 6.3488352 3.7146299 20 P 0
L 6.2539369 3.9409448 6.3429293 3.9409448 20 P 0
L 6.3295276 0.8709843 6.3295276 0.8759843 20 P 0
L 6.3295276 0.8709843 6.4404472 0.7600647 20 P 0
L 6.3429293 3.8326772 6.4074803 3.8326772 19 P 0
L 6.3582677 4.0255905 6.3976379 4.0255905 19 P 0
L 6.3582677 4.2224409 6.3582677 4.3700787 19 P 0
L 6.3582677 4.3700787 6.6535433 4.3700787 21 P 0
L 6.3976378 3.4547244 6.5846457 3.4547244 20 P 0
L 6.3976379 4.0255905 6.4370079 3.9862205 19 P 0
L 6.4074803 3.8326772 6.4370079 3.8622048 19 P 0
L 6.4094488 3.3779527 6.7519685 3.3779527 20 P 0
L 6.4370079 3.8622048 6.4370079 3.9862205 19 P 0
L 6.4404472 0.7600647 6.4714316 0.7600647 20 P 0
L 6.4598426 0.6496063 6.4795278 0.6692915 20 P 0
L 6.4714316 0.7600647 6.4795278 0.7519685 20 P 0
L 6.4795278 0.6692915 6.4795278 0.7519685 20 P 0
L 6.5255906 2.2145669 6.5255906 2.3700787 21 P 0
L 6.5255906 2.3700787 6.7519685 2.3700787 21 P 0
L 6.5275743 3.7146299 6.5305272 3.7175828 20 P 0
L 6.5305272 3.7175828 6.5305272 3.8297242 20 P 0
L 6.5305272 3.8297242 6.5334802 3.8326772 20 P 0
L 6.5334802 3.8326772 6.5334802 3.9409448 20 P 0
L 6.5334802 3.9409448 6.5415764 3.949041 20 P 0
L 6.5415764 3.949041 6.5415764 4.1415764 20 P 0
L 6.5415764 4.1415764 6.5535433 4.1535433 20 P 0
L 6.5846457 3.4547244 6.8454724 3.7155512 20 P 0
L 6.6312598 1.0925197 6.7199701 1.18123 20 P 0
L 6.6535433 4.0551181 6.6535433 4.1535433 19 P 0
L 6.6535433 4.0551181 6.6830708 4.0255906 19 P 0
L 6.6535433 4.1535433 6.6535433 4.2716536 23 P 0
L 6.6535433 4.2716536 6.6535433 4.3700787 21 P 0
L 6.6830708 4.0255906 6.9586614 4.0255906 19 P 0
L 6.7199701 1.18123 6.7199701 1.867608 20 P 0
L 6.7199701 1.867608 6.8228346 1.9704725 20 P 0
L 6.7494977 2.0438094 6.7494977 2.3676079 21 P 0
L 6.7494977 2.0438094 6.8228346 1.9704725 21 P 0
L 6.8110236 3.75 6.8110236 3.9074803 20 P 0
L 6.8110236 3.75 6.8365512 3.7244724 20 P 0
L 6.8110236 3.9074803 6.8444881 3.9409448 20 P 0
L 6.8365512 3.7244724 6.8454724 3.7155512 20 P 0
L 6.8365512 3.7244724 6.9295438 3.7244724 20 P 0
L 6.8444881 3.9409448 6.9334804 3.9409448 20 P 0
L 6.8799212 0.5413386 7.0078741 0.6692915 19 P 0
L 6.8799212 4.7440945 7.367126 4.2568897 23 P 0
L 6.9094488 0.8159294 6.9094488 1.0255905 19 P 0
L 6.9094488 0.8159294 6.9793151 0.7460631 19 P 0
L 6.9094488 1.0255905 6.9429134 1.0590551 19 P 0
L 6.9295438 3.7244724 6.9393863 3.7146299 20 P 0
L 6.9429134 1.0590551 7.0098425 1.0590551 19 P 0
L 6.9488189 4.8622047 7.5499999 4.2610237 23 P 0
L 6.9793151 0.7460631 7.0078741 0.7460631 19 P 0
L 7.0078741 0.6692915 7.0078741 0.7460631 19 P 0
L 7.0078741 0.8090552 7.0177167 0.8188978 19 P 0
L 7.0098425 0.8267717 7.0098425 0.9055119 19 P 0
L 7.0098425 1.0590551 7.4562993 1.0590551 19 P 0
L 7.0098425 1.1220472 7.0098425 1.2181103 19 P 0
L 7.0098425 1.1220472 7.5590551 1.1220472 19 P 0
L 7.0177167 0.8188978 7.1062993 0.8188978 19 P 0
L 7.0590552 1.5177165 7.1248032 1.4519685 21 P 0
L 7.0669291 1.9389764 7.1606299 1.9389764 21 P 0
L 7.1062993 0.5098426 7.3966377 0.5098426 19 P 0
L 7.1062993 0.5925198 7.1062993 0.6692915 19 P 0
L 7.1062993 0.6692915 7.1062993 0.7362206 19 P 0
L 7.1248032 1.4519685 7.273622 1.4519685 21 P 0
L 7.1606299 1.9389764 7.273622 2.0519685 21 P 0
L 7.2098425 0.8314961 7.2098425 0.9055119 19 P 0
L 7.2098425 0.8314961 7.2322835 0.8090551 19 P 0
L 7.2322835 0.8090551 7.3228346 0.8090551 19 P 0
L 7.273622 1.4519685 7.5232283 1.4519685 21 P 0
L 7.273622 2.0519685 7.5669138 2.0519685 21 P 0
L 7.3228346 0.6683072 7.3228346 0.746063 19 P 0
L 7.3228346 0.8090551 7.3326772 0.8188977 19 P 0
L 7.3326772 0.8188977 7.4212598 0.8188977 19 P 0
L 7.3425197 4.1330709 7.3449363 4.1306543 20 P 0
L 7.3425197 4.2330709 7.3663385 4.2568897 23 P 0
L 7.3449363 3.9215989 7.3449363 4.1306543 20 P 0
L 7.3449363 3.9215989 7.3492124 3.9173228 20 P 0
L 7.3663385 4.2568897 7.367126 4.2568897 23 P 0
L 7.367126 4.2568897 7.5188976 4.1051181 23 P 0
L 7.3966377 0.5098426 7.3966378 0.5098425 19 P 0
L 7.3966378 0.5098425 7.4212598 0.5098425 19 P 0
L 7.4098425 0.9055119 7.5082678 0.8070866 19 P 0
L 7.4212598 0.5098425 7.746063 0.5098425 19 P 0
L 7.4212598 0.5925197 7.4212598 0.6683072 19 P 0
L 7.4212598 0.6683072 7.4212598 0.7362205 19 P 0
L 7.4562993 1.0590551 7.6098425 0.9055119 19 P 0
L 7.5082678 0.8070866 7.6476379 0.8070866 19 P 0
L 7.5188976 4.1051181 7.6082677 4.1051181 23 P 0
L 7.5232283 1.4519685 7.6673228 1.596063 21 P 0
L 7.5499999 4.2610237 7.6515748 4.2610237 23 P 0
L 7.5590551 1.1220472 7.8149606 0.8661417 19 P 0
L 7.5669138 2.0519685 7.6673228 1.9515595 21 P 0
L 7.6476379 0.6663387 7.6476379 0.7440945 19 P 0
L 7.6476379 0.8070866 7.7115985 0.8070866 19 P 0
L 7.6515748 4.2610237 7.7228722 4.2610237 20 P 0
L 7.6673228 1.907874 7.6673228 1.9515595 21 P 0
L 7.7115985 0.8070866 7.7214411 0.8169292 19 P 0
L 7.7214411 0.8169292 7.7460631 0.8169292 19 P 0
L 7.7228722 4.2610237 7.7755906 4.2083053 20 P 0
L 7.746063 0.5098425 7.770685 0.5098425 19 P 0
L 7.746063 0.5925197 7.746063 0.6663386 19 P 0
L 7.746063 0.6663386 7.7460631 0.6663387 19 P 0
L 7.7460631 0.6663387 7.7460631 0.734252 19 P 0
L 7.7492126 3.9173228 7.7755906 3.9437008 20 P 0
L 7.770685 0.5098425 7.8149606 0.5541181 19 P 0
L 7.7755906 3.9437008 7.7755906 4.2083053 20 P 0
L 7.8149606 0.5541181 7.8149606 0.8661417 19 P 0
P 0.1574803 0.6496063 21 P 0 0 ;0=53,1=0
P 0.1574803 0.9330709 21 P 0 0 ;0=53,1=0
P 0.1574803 1.5748031 21 P 0 0 ;0=53,1=0
P 0.1574803 1.8582677 21 P 0 0 ;0=53,1=0
P 0.1574803 2.7952756 21 P 0 0 ;0=53,1=0
P 0.1574803 3.0787402 21 P 0 0 ;0=53,1=0
P 0.1574803 3.9370079 21 P 0 0 ;0=53,1=0
P 0.1574803 4.2204725 21 P 0 0 ;0=53,1=0
P 0.1870079 1.2185039 1 P 0 0 ;0=1,1=0,2
P 0.1870079 1.281496 1 P 0 0 ;0=1,1=0,2
P 0.2297246 3.3759843 15 P 0 0 ;0=15,1=0,2
P 0.2297246 3.6515749 15 P 0 0 ;0=15,1=0,2
P 0.2568898 2.3659449 3 P 0 0 ;0=3,1=0,2
P 0.2568898 2.4159449 3 P 0 0 ;0=3,1=0,2
P 0.2568898 2.4659449 3 P 0 0 ;0=3,1=0,2
P 0.2568898 2.5159449 3 P 0 0 ;0=3,1=0,2
P 0.2780526 1.1968504 67 P 0 0 ;0=54,1=0
P 0.2780526 1.2952756 68 P 0 0 ;0=55,1=0
P 0.2952756 0.2952756 77 P 0 0 ;0=65,1=0
P 0.2952756 4.6259843 77 P 0 0 ;0=65,1=0
P 0.3543306 0.9330709 21 P 0 0 ;0=53,1=0
P 0.3543306 1.8582677 21 P 0 0 ;0=53,1=0
P 0.3543306 3.0787402 21 P 0 0 ;0=53,1=0
P 0.3543306 4.2204725 21 P 0 0 ;0=53,1=0
P 0.3543307 0.6496063 21 P 0 0 ;0=53,1=0
P 0.3543307 1.5748031 21 P 0 0 ;0=53,1=0
P 0.3543307 2.7952756 21 P 0 0 ;0=53,1=0
P 0.3543307 3.9370079 21 P 0 0 ;0=53,1=0
P 0.3834647 2.2913386 0 P 0 0 ;0=0,1=0,2
P 0.3917323 2.5885827 0 P 0 0 ;0=0,1=0,2
P 0.4464568 2.2913386 0 P 0 0 ;0=0,1=0,2
P 0.4517716 2.3659449 3 P 0 0 ;0=3,1=0,2
P 0.4517716 2.4159449 3 P 0 0 ;0=3,1=0,2
P 0.4517716 2.4659449 3 P 0 0 ;0=3,1=0,2
P 0.4517716 2.5159449 3 P 0 0 ;0=3,1=0,2
P 0.4547244 2.5885827 0 P 0 0 ;0=0,1=0,2
P 0.4868112 3.2859843 16 P 0 0 ;0=16,1=0,2
P 0.4868112 3.4659843 16 P 0 0 ;0=16,1=0,2
P 0.4868112 3.5615749 16 P 0 0 ;0=16,1=0,2
P 0.4868112 3.7415749 16 P 0 0 ;0=16,1=0,2
P 0.5413386 2.3011812 1 P 0 0 ;0=1,1=0,2
P 0.5413386 2.3641733 1 P 0 0 ;0=1,1=0,2
P 0.5905511 1.5039369 65 P 0 0 ;0=51,1=0
P 0.5905511 1.8307086 65 P 0 0 ;0=51,1=0
P 0.5905512 4.2755905 14 P 0 0 ;0=14,1=0,2
P 0.5905512 4.4291339 14 P 0 0 ;0=14,1=0,2
P 0.6889764 4.3700788 6 P 0 0 ;0=6,1=0,2
P 0.7283465 4.2102363 62 P 0 0 ;0=48,1=0
P 0.7283465 4.5102363 62 P 0 0 ;0=48,1=0
P 0.7677165 0.9531496 53 P 0 0 ;0=44,1=0
P 0.7677165 1.1531496 54 P 0 0 ;0=44,1=0
P 0.7677166 4.3326773 6 P 0 0 ;0=6,1=0,2
P 0.7677166 4.4074804 6 P 0 0 ;0=6,1=0,2
P 0.7874016 1.5039369 65 P 0 0 ;0=51,1=0
P 0.7874016 1.8307086 65 P 0 0 ;0=51,1=0
P 0.7877953 2.3708661 30 P 0 0 ;0=20,1=0
P 0.7877953 2.4708661 30 P 0 0 ;0=20,1=0
P 0.7877953 2.5708661 30 P 0 0 ;0=20,1=0
P 0.7877953 2.6708661 30 P 0 0 ;0=20,1=0
P 0.7877953 2.7708661 30 P 0 0 ;0=20,1=0
P 0.7877953 2.8708661 30 P 0 0 ;0=20,1=0
P 0.7877953 2.9708661 30 P 0 0 ;0=20,1=0
P 0.7877953 3.0708661 30 P 0 0 ;0=20,1=0
P 0.7877953 3.1708661 30 P 0 0 ;0=20,1=0
P 0.7877953 3.2708661 30 P 0 0 ;0=20,1=0
P 0.7877953 3.3708661 30 P 0 0 ;0=20,1=0
P 0.7877953 3.4708661 30 P 0 0 ;0=20,1=0
P 0.7877953 3.5708661 30 P 0 0 ;0=20,1=0
P 0.7877953 3.6708661 30 P 0 0 ;0=20,1=0
P 0.7877953 3.7708661 30 P 0 0 ;0=20,1=0
P 0.8798176 2.6708661 17 P 0 0 ;0=17,1=0,2
P 0.8858268 4.3388625 5 P 0 0 ;0=5,1=0,2
P 0.8858268 4.4077601 5 P 0 0 ;0=5,1=0,2
P 0.9487152 2.6708661 17 P 0 0 ;0=17,1=0,2
P 0.9679133 3.5088584 17 P 0 0 ;0=17,1=0,2
P 0.9744094 4.0797242 63 P 0 0 ;0=49,1=0
P 1.0349355 2.8984255 13 P 0 0 ;0=13,1=0,2
P 1.0349355 3.2566932 13 P 0 0 ;0=13,1=0,2
P 1.0349355 3.3513781 5 P 0 0 ;0=5,1=0,2
P 1.0349355 3.4202757 5 P 0 0 ;0=5,1=0,2
P 1.0368109 3.5088584 17 P 0 0 ;0=17,1=0,2
P 1.0413386 0.7805108 26 P 0 0 ;0=29,1=0
P 1.0413386 0.8218494 26 P 0 0 ;0=29,1=0
P 1.0669292 0.7450777 26 P 0 0 ;0=29,1=0
P 1.0680064 2.7708661 17 P 0 0 ;0=17,1=0,2
P 1.0728347 0.8462588 26 P 0 0 ;0=29,1=0
P 1.0744094 4.0797242 63 P 0 0 ;0=49,1=0
P 1.1125984 0.7332667 26 P 0 0 ;0=29,1=0
P 1.1125984 0.8592509 26 P 0 0 ;0=29,1=0
P 1.1349355 2.8984255 13 P 0 0 ;0=13,1=0,2
P 1.1349355 3.2566932 13 P 0 0 ;0=13,1=0,2
P 1.1349355 3.343504 14 P 0 0 ;0=14,1=0,2
P 1.1349355 3.4970474 14 P 0 0 ;0=14,1=0,2
P 1.136904 2.7708661 17 P 0 0 ;0=17,1=0,2
P 1.1515748 1.2972441 1 P 0 0 ;0=1,1=0,2
P 1.1515748 1.3602362 1 P 0 0 ;0=1,1=0,2
P 1.1649607 0.7332667 26 P 0 0 ;0=29,1=0
P 1.1649607 0.8592509 26 P 0 0 ;0=29,1=0
P 1.1909449 0.7962588 39 P 0 0 ;0=30,1=0
P 1.2173229 0.7332667 26 P 0 0 ;0=29,1=0
P 1.2173229 0.8592509 26 P 0 0 ;0=29,1=0
P 1.2234252 1.9068897 7 P 0 0 ;0=7,1=0,2
P 1.2234252 2.0068897 7 P 0 0 ;0=7,1=0,2
P 1.230315 1.2874016 18 P 0 0 ;0=18,1=0,2
P 1.230315 1.3700788 18 P 0 0 ;0=18,1=0,2
P 1.2696851 0.7332667 26 P 0 0 ;0=29,1=0
P 1.2696851 0.8592509 26 P 0 0 ;0=29,1=0
P 1.3045276 1.2314961 4 P 0 0 ;0=4,1=0,2
P 1.3045276 1.4259843 4 P 0 0 ;0=4,1=0,2
P 1.3090551 0.7450777 26 P 0 0 ;0=29,1=0
P 1.3090551 0.8462588 26 P 0 0 ;0=29,1=0
P 1.3090551 3.4765748 1 P 0 0 ;0=1,1=0,2
P 1.3090551 3.5395669 1 P 0 0 ;0=1,1=0,2
P 1.3090551 3.7100788 1 P 0 0 ;0=1,1=0,2
P 1.3090551 3.7730709 1 P 0 0 ;0=1,1=0,2
P 1.3119095 4.0255905 10 P 0 0 ;0=10,1=0,2
P 1.3119095 4.1830709 10 P 0 0 ;0=10,1=0,2
P 1.3125984 1.6387785 24 P 0 0 ;0=31,1=0
P 1.3277559 2.1161417 12 P 0 0 ;0=12,1=0,2
P 1.3405512 0.7805108 26 P 0 0 ;0=29,1=0
P 1.3405512 0.8218494 26 P 0 0 ;0=29,1=0
P 1.3545276 1.2314961 4 P 0 0 ;0=4,1=0,2
P 1.3545276 1.4259843 4 P 0 0 ;0=4,1=0,2
P 1.3681103 1.8011811 17 P 0 0 ;0=17,1=0,2
P 1.3877953 1.6387785 24 P 0 0 ;0=31,1=0
P 1.3877953 2.3708661 64 P 0 0 ;0=50,1=0
P 1.3877953 2.4708661 30 P 0 0 ;0=20,1=0
P 1.3877953 2.5708661 30 P 0 0 ;0=20,1=0
P 1.3877953 2.6708661 30 P 0 0 ;0=20,1=0
P 1.3877953 2.7708661 30 P 0 0 ;0=20,1=0
P 1.3877953 2.8708661 30 P 0 0 ;0=20,1=0
P 1.3877953 2.9708661 30 P 0 0 ;0=20,1=0
P 1.3877953 3.0708661 30 P 0 0 ;0=20,1=0
P 1.3877953 3.1708661 30 P 0 0 ;0=20,1=0
P 1.3877953 3.2708661 30 P 0 0 ;0=20,1=0
P 1.3877953 3.3708661 30 P 0 0 ;0=20,1=0
P 1.3877953 3.4708661 30 P 0 0 ;0=20,1=0
P 1.3877953 3.5708661 30 P 0 0 ;0=20,1=0
P 1.3877953 3.6708661 30 P 0 0 ;0=20,1=0
P 1.3877953 3.7708661 30 P 0 0 ;0=20,1=0
P 1.4045276 1.2314961 4 P 0 0 ;0=4,1=0,2
P 1.4045276 1.4259843 4 P 0 0 ;0=4,1=0,2
P 1.4267993 4.0797242 67 P 0 0 ;0=54,1=0
P 1.4350394 0.7805108 26 P 0 0 ;0=29,1=0
P 1.4350394 0.8218494 26 P 0 0 ;0=29,1=0
P 1.4370079 1.8011811 17 P 0 0 ;0=17,1=0,2
P 1.4545276 1.2314961 4 P 0 0 ;0=4,1=0,2
P 1.4545276 1.4259843 4 P 0 0 ;0=4,1=0,2
P 1.4606299 0.7450777 26 P 0 0 ;0=29,1=0
P 1.4629922 1.6387785 40 P 0 0 ;0=32,1=0
P 1.4665355 0.8462588 26 P 0 0 ;0=29,1=0
P 1.4812993 2.1161417 12 P 0 0 ;0=12,1=0,2
P 1.5062992 0.7332667 26 P 0 0 ;0=29,1=0
P 1.5062992 0.8592509 26 P 0 0 ;0=29,1=0
P 1.5252245 4.0797242 68 P 0 0 ;0=55,1=0
P 1.5303156 1.4418128 1 P 0 0 ;0=1,1=0,2
P 1.5303156 1.5048049 1 P 0 0 ;0=1,1=0,2
P 1.5307318 1.2972442 1 P 0 0 ;0=1,1=0,2
P 1.5307318 1.3602363 1 P 0 0 ;0=1,1=0,2
P 1.5586614 0.7332667 26 P 0 0 ;0=29,1=0
P 1.5586614 0.8592509 26 P 0 0 ;0=29,1=0
P 1.5748032 0.3346457 25 P 0 0 ;0=57,1=0
P 1.5752363 4.5787401 25 P 0 0 ;0=57,1=0
P 1.5816929 1.9068897 7 P 0 0 ;0=7,1=0,2
P 1.5816929 2.0068897 7 P 0 0 ;0=7,1=0,2
P 1.5846457 0.7962588 39 P 0 0 ;0=30,1=0
P 1.6090558 1.4418129 1 P 0 0 ;0=1,1=0,2
P 1.6090558 1.504805 1 P 0 0 ;0=1,1=0,2
P 1.6094719 1.2972441 1 P 0 0 ;0=1,1=0,2
P 1.6094719 1.3602362 1 P 0 0 ;0=1,1=0,2
P 1.6110236 0.7332667 26 P 0 0 ;0=29,1=0
P 1.6110236 0.8592509 26 P 0 0 ;0=29,1=0
P 1.6368111 2.1358268 11 P 0 0 ;0=11,1=0,2
P 1.6633859 0.7332667 26 P 0 0 ;0=29,1=0
P 1.6633859 0.8592509 26 P 0 0 ;0=29,1=0
P 1.6643701 2.8149606 30 P 0 0 ;0=20,1=0
P 1.6643701 2.9133858 30 P 0 0 ;0=20,1=0
P 1.6643701 3.011811 30 P 0 0 ;0=20,1=0
P 1.6643701 3.1102362 64 P 0 0 ;0=50,1=0
P 1.6653543 3.3433858 55 P 0 0 ;0=23,1=0
P 1.6653543 3.4833858 33 P 0 0 ;0=23,1=0
P 1.6653543 3.6819685 55 P 0 0 ;0=23,1=0
P 1.6653543 3.8219685 33 P 0 0 ;0=23,1=0
P 1.6742126 2.214567 11 P 0 0 ;0=11,1=0,2
P 1.6742126 2.3720472 67 P 0 0 ;0=54,1=0
P 1.6742126 2.4704724 68 P 0 0 ;0=55,1=0
P 1.6830709 1.8356299 5 P 0 0 ;0=5,1=0,2
P 1.6830709 1.9045275 5 P 0 0 ;0=5,1=0,2
P 1.6978347 2.007874 17 P 0 0 ;0=17,1=0,2
P 1.7027559 0.7450777 26 P 0 0 ;0=29,1=0
P 1.7027559 0.8462588 26 P 0 0 ;0=29,1=0
P 1.7116142 2.1358268 11 P 0 0 ;0=11,1=0,2
P 1.734252 0.7805108 26 P 0 0 ;0=29,1=0
P 1.734252 0.8218494 26 P 0 0 ;0=29,1=0
P 1.7381889 2.8149606 2 P 0 0 ;0=2,1=0,2
P 1.7381889 2.9133858 2 P 0 0 ;0=2,1=0,2
P 1.7667323 1.8356299 5 P 0 0 ;0=5,1=0,2
P 1.7667323 1.9045275 5 P 0 0 ;0=5,1=0,2
P 1.7667323 2.007874 17 P 0 0 ;0=17,1=0,2
P 1.8208661 2.8149606 2 P 0 0 ;0=2,1=0,2
P 1.8208661 2.9133858 2 P 0 0 ;0=2,1=0,2
P 2.1047244 3.9645669 61 P 0 0 ;0=47,1=0
P 2.1161417 1.753937 49 P 0 0 ;0=41,1=0
P 2.1161417 1.853937 35 P 0 0 ;0=25,1=0
P 2.1161417 1.953937 35 P 0 0 ;0=25,1=0
P 2.1161417 2.053937 35 P 0 0 ;0=25,1=0
P 2.1161417 2.153937 35 P 0 0 ;0=25,1=0
P 2.1161417 2.253937 35 P 0 0 ;0=25,1=0
P 2.1161417 2.353937 35 P 0 0 ;0=25,1=0
P 2.1161417 2.453937 35 P 0 0 ;0=25,1=0
P 2.1555118 3.4925197 53 P 0 0 ;0=44,1=0
P 2.1555118 3.6925197 54 P 0 0 ;0=44,1=0
P 2.173622 4.1535433 48 P 0 0 ;0=40,1=0
P 2.2047244 3.9645669 60 P 0 0 ;0=47,1=0
P 2.273622 4.1535433 47 P 0 0 ;0=39,1=0
P 2.3437008 3.9645669 60 P 0 0 ;0=47,1=0
P 2.373622 4.1535433 47 P 0 0 ;0=39,1=0
P 2.4395275 0.2818898 9 P 0 0 ;0=9,1=0,2
P 2.4437008 3.9645669 61 P 0 0 ;0=47,1=0
P 2.4590551 0.7480315 24 P 0 0 ;0=56,1=0
P 2.5295275 0.5389764 8 P 0 0 ;0=8,1=0,2
P 2.5492126 3.1003937 36 P 0 0 ;0=26,1=0
P 2.5492126 3.6122047 74 P 0 0 ;0=26,1=0
P 2.5590551 0.7480315 24 P 0 0 ;0=56,1=0
P 2.6195275 0.2818898 9 P 0 0 ;0=9,1=0,2
P 2.6279528 4.0944882 55 P 0 0 ;0=23,1=0
P 2.6590551 0.7480315 40 P 0 0 ;0=56,1=0
P 2.6968504 1.2795275 69 P 0 0 ;0=58,1=0
P 2.6968504 2.6574803 69 P 0 0 ;0=58,1=0
P 2.7165354 3.1023622 74 P 0 0 ;0=26,1=0
P 2.7165354 3.6141732 36 P 0 0 ;0=26,1=0
P 2.7348031 0.2818898 9 P 0 0 ;0=9,1=0,2
P 2.7679528 4.0944882 33 P 0 0 ;0=23,1=0
P 2.8248031 0.5389764 8 P 0 0 ;0=8,1=0,2
P 2.8779528 3.1023622 36 P 0 0 ;0=26,1=0
P 2.8779528 3.6141732 74 P 0 0 ;0=26,1=0
P 2.8937008 1.2795275 69 P 0 0 ;0=58,1=0
P 2.8937008 2.6574803 69 P 0 0 ;0=58,1=0
P 2.9148031 0.2818898 9 P 0 0 ;0=9,1=0,2
P 3.0300787 0.2818898 9 P 0 0 ;0=9,1=0,2
P 3.0354331 3.1023622 74 P 0 0 ;0=26,1=0
P 3.0354331 3.6141732 36 P 0 0 ;0=26,1=0
P 3.0496063 0.7480315 24 P 0 0 ;0=56,1=0
P 3.0507874 4.1535433 48 P 0 0 ;0=40,1=0
P 3.0905512 1.2795275 69 P 0 0 ;0=58,1=0
P 3.0905512 2.6574803 69 P 0 0 ;0=58,1=0
P 3.1200787 0.5389764 8 P 0 0 ;0=8,1=0,2
P 3.121767 0.9744094 32 P 0 0 ;0=22,1=0
P 3.1488189 3.9665354 60 P 0 0 ;0=47,1=0
P 3.1496063 0.7480315 24 P 0 0 ;0=56,1=0
P 3.1507874 4.1535433 47 P 0 0 ;0=39,1=0
P 3.2100787 0.2818898 9 P 0 0 ;0=9,1=0,2
P 3.2488189 3.9665354 61 P 0 0 ;0=47,1=0
P 3.2496063 0.7480315 40 P 0 0 ;0=56,1=0
P 3.2507874 4.1535433 47 P 0 0 ;0=39,1=0
P 3.2874016 1.2795275 69 P 0 0 ;0=58,1=0
P 3.2874016 2.6574803 69 P 0 0 ;0=58,1=0
P 3.3186174 0.9744094 32 P 0 0 ;0=22,1=0
P 3.3253543 0.2818898 9 P 0 0 ;0=9,1=0,2
P 3.4153543 0.5389764 8 P 0 0 ;0=8,1=0,2
P 3.44 0.9744094 33 P 0 0 ;0=23,1=0
P 3.4470718 0.135811 17 P 0 0 ;0=17,1=0,2
P 3.4488975 3.0314962 59 P 0 0 ;0=46,1=0
P 3.4488975 3.2687166 58 P 0 0 ;0=46,1=0
P 3.4488975 3.5039371 59 P 0 0 ;0=46,1=0
P 3.4488975 3.7411576 58 P 0 0 ;0=46,1=0
P 3.484252 1.2795275 69 P 0 0 ;0=58,1=0
P 3.484252 2.6574803 69 P 0 0 ;0=58,1=0
P 3.5053543 0.2818898 9 P 0 0 ;0=9,1=0,2
P 3.5159694 0.135811 17 P 0 0 ;0=17,1=0,2
P 3.5205512 4.0944882 33 P 0 0 ;0=23,1=0
P 3.5949311 0.135811 17 P 0 0 ;0=17,1=0,2
P 3.6401575 0.7480315 24 P 0 0 ;0=56,1=0
P 3.6486221 0.2393701 7 P 0 0 ;0=7,1=0,2
P 3.6486221 0.3393701 7 P 0 0 ;0=7,1=0,2
P 3.6605512 4.0944882 55 P 0 0 ;0=23,1=0
P 3.6638287 0.135811 17 P 0 0 ;0=17,1=0,2
P 3.6811024 1.2795275 69 P 0 0 ;0=58,1=0
P 3.6811024 2.6574803 69 P 0 0 ;0=58,1=0
P 3.7401575 0.7480315 24 P 0 0 ;0=56,1=0
P 3.7531206 0.1377946 12 P 0 0 ;0=12,1=0,2
P 3.8401575 0.7480315 40 P 0 0 ;0=56,1=0
P 3.8779528 1.2795275 69 P 0 0 ;0=58,1=0
P 3.8779528 2.6574803 69 P 0 0 ;0=58,1=0
P 3.906664 0.1377946 12 P 0 0 ;0=12,1=0,2
P 3.9938247 4.181662 1 P 0 0 ;0=1,1=0,2
P 3.9938247 4.2446541 1 P 0 0 ;0=1,1=0,2
P 4.0068898 0.2393701 7 P 0 0 ;0=7,1=0,2
P 4.0068898 0.3393701 7 P 0 0 ;0=7,1=0,2
P 4.06 0.9744094 33 P 0 0 ;0=23,1=0
P 4.0740157 4.2234252 29 P 0 0 ;0=19,1=0
P 4.0748031 2.6574803 69 P 0 0 ;0=58,1=0
P 4.0748032 1.2795275 69 P 0 0 ;0=58,1=0
P 4.0925196 4.3405512 0 P 0 0 ;0=0,1=0,2
P 4.1240157 0.2706693 5 P 0 0 ;0=5,1=0,2
P 4.1240157 0.3395669 5 P 0 0 ;0=5,1=0,2
P 4.1240157 4.2234252 29 P 0 0 ;0=19,1=0
P 4.1555117 4.3405512 0 P 0 0 ;0=0,1=0,2
P 4.1740157 4.2234252 29 P 0 0 ;0=19,1=0
P 4.1888975 3.0304962 58 P 0 0 ;0=46,1=0
P 4.1888975 3.2677166 59 P 0 0 ;0=46,1=0
P 4.1888975 3.5029371 58 P 0 0 ;0=46,1=0
P 4.1888975 3.7401576 59 P 0 0 ;0=46,1=0
P 4.2307087 0.7480315 24 P 0 0 ;0=56,1=0
P 4.3307087 0.7480315 24 P 0 0 ;0=56,1=0
P 4.3594107 1.146063 73 P 0 0 ;0=62,1=0
P 4.3594107 1.5114174 72 P 0 0 ;0=61,1=0
P 4.3594488 1.6929134 46 P 0 0 ;0=38,1=0
P 4.4094488 1.6929134 46 P 0 0 ;0=38,1=0
P 4.4307087 0.7480315 40 P 0 0 ;0=56,1=0
P 4.4594488 1.6929134 46 P 0 0 ;0=38,1=0
P 4.488189 1.2787402 75 P 0 0 ;0=64,1=0
P 4.488189 1.3787402 76 P 0 0 ;0=64,1=0
P 4.6850394 1.0643622 38 P 0 0 ;0=28,1=0
P 4.6850394 1.9843622 38 P 0 0 ;0=28,1=0
P 4.7637795 2.2811024 52 P 0 0 ;0=43,1=0
P 4.7637795 2.5811024 51 P 0 0 ;0=43,1=0
P 4.7637795 3.0291339 51 P 0 0 ;0=43,1=0
P 4.7637795 3.3291339 52 P 0 0 ;0=43,1=0
P 4.7657634 3.7146299 56 P 0 0 ;0=45,1=0
P 4.7716693 3.8326772 33 P 0 0 ;0=23,1=0
P 4.7716693 3.9409448 33 P 0 0 ;0=23,1=0
P 4.7818898 4.1535433 41 P 0 0 ;0=24,1=0
P 4.7826772 0.6978347 29 P 0 0 ;0=19,1=0
P 4.8011812 0.5807087 0 P 0 0 ;0=0,1=0,2
P 4.8011812 0.8070866 0 P 0 0 ;0=0,1=0,2
P 4.8326772 0.6978347 29 P 0 0 ;0=19,1=0
P 4.8614173 1.0629921 61 P 0 0 ;0=47,1=0
P 4.8641733 0.5807087 0 P 0 0 ;0=0,1=0,2
P 4.8641733 0.8070866 0 P 0 0 ;0=0,1=0,2
P 4.8818898 1.1582675 33 P 0 0 ;0=23,1=0
P 4.8818898 1.5582677 33 P 0 0 ;0=23,1=0
P 4.8818898 4.1535433 34 P 0 0 ;0=24,1=0
P 4.8826772 0.6978347 29 P 0 0 ;0=19,1=0
P 4.9311024 1.8307087 32 P 0 0 ;0=63,1=0
P 4.9311024 1.9972136 32 P 0 0 ;0=63,1=0
P 4.9614173 1.0629921 60 P 0 0 ;0=47,1=0
P 4.9818898 4.1535433 34 P 0 0 ;0=24,1=0
P 5.0492126 1.1582675 33 P 0 0 ;0=23,1=0
P 5.0492126 1.5582677 33 P 0 0 ;0=23,1=0
P 5.1279528 1.8307087 32 P 0 0 ;0=63,1=0
P 5.1279528 1.9972136 32 P 0 0 ;0=63,1=0
P 5.1716695 3.8326772 33 P 0 0 ;0=23,1=0
P 5.1716695 3.9409448 33 P 0 0 ;0=23,1=0
P 5.1775754 3.7146299 57 P 0 0 ;0=45,1=0
P 5.1775754 4.0255905 32 P 0 0 ;0=22,1=0
P 5.1775754 4.2224409 32 P 0 0 ;0=22,1=0
P 5.2066928 3.1988188 37 P 0 0 ;0=33,1=0
P 5.2066929 3.3291339 37 P 0 0 ;0=33,1=0
P 5.3563145 3.7146299 56 P 0 0 ;0=45,1=0
P 5.3622204 3.8326772 33 P 0 0 ;0=23,1=0
P 5.3622204 3.9409448 33 P 0 0 ;0=23,1=0
P 5.3724409 4.1535433 41 P 0 0 ;0=24,1=0
P 5.4232283 1.076378 49 P 0 0 ;0=41,1=0
P 5.4232283 1.176378 35 P 0 0 ;0=25,1=0
P 5.4232283 1.276378 35 P 0 0 ;0=25,1=0
P 5.4232283 1.376378 35 P 0 0 ;0=25,1=0
P 5.4232283 1.476378 35 P 0 0 ;0=25,1=0
P 5.4232283 1.576378 35 P 0 0 ;0=25,1=0
P 5.4232283 1.676378 35 P 0 0 ;0=25,1=0
P 5.4232283 1.776378 35 P 0 0 ;0=25,1=0
P 5.4232283 1.876378 35 P 0 0 ;0=25,1=0
P 5.4232283 1.976378 35 P 0 0 ;0=25,1=0
P 5.4232283 2.076378 35 P 0 0 ;0=25,1=0
P 5.4232283 2.176378 35 P 0 0 ;0=25,1=0
P 5.4232283 2.276378 35 P 0 0 ;0=25,1=0
P 5.4232283 2.376378 35 P 0 0 ;0=25,1=0
P 5.4232283 2.476378 35 P 0 0 ;0=25,1=0
P 5.4232283 2.576378 35 P 0 0 ;0=25,1=0
P 5.4232283 2.676378 35 P 0 0 ;0=25,1=0
P 5.4724409 4.1535433 34 P 0 0 ;0=24,1=0
P 5.5724409 4.1535433 34 P 0 0 ;0=24,1=0
P 5.6003936 3.1988188 37 P 0 0 ;0=33,1=0
P 5.6003937 3.3291339 37 P 0 0 ;0=33,1=0
P 5.6992126 0.8307087 45 P 0 0 ;0=37,1=0
P 5.7112598 1.0925197 38 P 0 0 ;0=28,1=0
P 5.7622206 3.8326772 33 P 0 0 ;0=23,1=0
P 5.7622206 3.9409448 33 P 0 0 ;0=23,1=0
P 5.7681265 3.7146299 57 P 0 0 ;0=45,1=0
P 5.7681265 4.0255905 32 P 0 0 ;0=22,1=0
P 5.7681265 4.2224409 32 P 0 0 ;0=22,1=0
P 5.7992126 0.8307087 45 P 0 0 ;0=37,1=0
P 5.8992126 0.8307087 44 P 0 0 ;0=36,1=0
P 5.9370232 3.7146299 56 P 0 0 ;0=45,1=0
P 5.9429291 3.8326772 33 P 0 0 ;0=23,1=0
P 5.9429291 3.9409448 33 P 0 0 ;0=23,1=0
P 5.9629921 4.1535433 41 P 0 0 ;0=24,1=0
P 6.023622 1.3287401 31 P 0 0 ;0=21,1=0
P 6.023622 2.2145669 31 P 0 0 ;0=21,1=0
P 6.0629921 4.1535433 34 P 0 0 ;0=24,1=0
P 6.0795276 0.7519685 33 P 0 0 ;0=23,1=0
P 6.1629921 4.1535433 34 P 0 0 ;0=24,1=0
P 6.2295276 0.8759843 61 P 0 0 ;0=47,1=0
P 6.2992126 0.3346457 25 P 0 0 ;0=57,1=0
P 6.2996457 4.5787401 25 P 0 0 ;0=57,1=0
P 6.3295276 0.8759843 60 P 0 0 ;0=47,1=0
P 6.3429293 3.8326772 33 P 0 0 ;0=23,1=0
P 6.3429293 3.9409448 33 P 0 0 ;0=23,1=0
P 6.3488352 3.7146299 57 P 0 0 ;0=45,1=0
P 6.3582677 4.0255905 32 P 0 0 ;0=22,1=0
P 6.3582677 4.2224409 32 P 0 0 ;0=22,1=0
P 6.4795278 0.7519685 33 P 0 0 ;0=23,1=0
P 6.5255906 1.3287401 31 P 0 0 ;0=21,1=0
P 6.5255906 2.2145669 31 P 0 0 ;0=21,1=0
P 6.5275743 3.7146299 56 P 0 0 ;0=45,1=0
P 6.5334802 3.8326772 33 P 0 0 ;0=23,1=0
P 6.5334802 3.9409448 33 P 0 0 ;0=23,1=0
P 6.5535433 4.1535433 41 P 0 0 ;0=24,1=0
P 6.6312598 1.0925197 38 P 0 0 ;0=28,1=0
P 6.6535433 4.1535433 34 P 0 0 ;0=24,1=0
P 6.7519685 2.3700787 37 P 0 0 ;0=27,1=0
P 6.7519685 3.3779527 37 P 0 0 ;0=27,1=0
P 6.7535433 4.1535433 34 P 0 0 ;0=24,1=0
P 6.8543307 1.5452756 36 P 0 0 ;0=26,1=0
P 6.8543307 1.9389764 36 P 0 0 ;0=26,1=0
P 6.9334804 3.8326772 33 P 0 0 ;0=23,1=0
P 6.9334804 3.9409448 33 P 0 0 ;0=23,1=0
P 6.9393863 3.7146299 57 P 0 0 ;0=45,1=0
P 6.9586614 4.0255906 32 P 0 0 ;0=22,1=0
P 6.9586614 4.222441 32 P 0 0 ;0=22,1=0
P 7.0078741 0.6692915 67 P 0 0 ;0=54,1=0
P 7.0078741 0.7460631 1 P 0 0 ;0=1,1=0,2
P 7.0078741 0.8090552 1 P 0 0 ;0=1,1=0,2
P 7.0098425 0.9055119 71 P 0 0 ;0=60,1=0
P 7.0098425 1.0590551 1 P 0 0 ;0=1,1=0,2
P 7.0098425 1.1220472 1 P 0 0 ;0=1,1=0,2
P 7.0098425 1.2181103 70 P 0 0 ;0=59,1=0
P 7.0314961 1.5452756 36 P 0 0 ;0=26,1=0
P 7.0314961 1.9389764 36 P 0 0 ;0=26,1=0
P 7.1062993 0.5098426 18 P 0 0 ;0=18,1=0,2
P 7.1062993 0.5925198 18 P 0 0 ;0=18,1=0,2
P 7.1062993 0.6692915 68 P 0 0 ;0=55,1=0
P 7.1062993 0.7362206 18 P 0 0 ;0=18,1=0,2
P 7.1062993 0.8188978 18 P 0 0 ;0=18,1=0,2
P 7.1098425 0.9055119 70 P 0 0 ;0=59,1=0
P 7.1098425 1.2181103 70 P 0 0 ;0=59,1=0
P 7.2098425 0.9055119 70 P 0 0 ;0=59,1=0
P 7.2098425 1.2181103 70 P 0 0 ;0=59,1=0
P 7.273622 1.4519685 50 P 0 0 ;0=42,1=0
P 7.273622 2.0519685 50 P 0 0 ;0=42,1=0
P 7.3098425 0.9055119 70 P 0 0 ;0=59,1=0
P 7.3098425 1.2181103 70 P 0 0 ;0=59,1=0
P 7.3228346 0.6683072 67 P 0 0 ;0=54,1=0
P 7.3228346 0.746063 1 P 0 0 ;0=1,1=0,2
P 7.3228346 0.8090551 1 P 0 0 ;0=1,1=0,2
P 7.3425197 4.1330709 66 P 0 0 ;0=52,1=0
P 7.3425197 4.2330709 66 P 0 0 ;0=52,1=0
P 7.3492124 3.9173228 33 P 0 0 ;0=23,1=0
P 7.4098425 0.9055119 70 P 0 0 ;0=59,1=0
P 7.4098425 1.2181103 70 P 0 0 ;0=59,1=0
P 7.4212598 0.5098425 18 P 0 0 ;0=18,1=0,2
P 7.4212598 0.5925197 18 P 0 0 ;0=18,1=0,2
P 7.4212598 0.6683072 68 P 0 0 ;0=55,1=0
P 7.4212598 0.7362205 18 P 0 0 ;0=18,1=0,2
P 7.4212598 0.8188977 18 P 0 0 ;0=18,1=0,2
P 7.5098425 0.9055119 70 P 0 0 ;0=59,1=0
P 7.5098425 1.2181103 70 P 0 0 ;0=59,1=0
P 7.5787402 0.2952756 77 P 0 0 ;0=65,1=0
P 7.5787402 4.6259843 77 P 0 0 ;0=65,1=0
P 7.6098425 0.9055119 70 P 0 0 ;0=59,1=0
P 7.6098425 1.2181103 70 P 0 0 ;0=59,1=0
P 7.6476379 0.6663387 67 P 0 0 ;0=54,1=0
P 7.6476379 0.7440945 1 P 0 0 ;0=1,1=0,2
P 7.6476379 0.8070866 1 P 0 0 ;0=1,1=0,2
P 7.6515748 4.1051181 42 P 0 0 ;0=34,1=0
P 7.6515748 4.2610237 43 P 0 0 ;0=35,1=0
P 7.6673228 1.596063 42 P 0 0 ;0=34,1=0
P 7.6673228 1.7519685 43 P 0 0 ;0=35,1=0
P 7.6673228 1.907874 43 P 0 0 ;0=35,1=0
P 7.746063 0.5098425 18 P 0 0 ;0=18,1=0,2
P 7.746063 0.5925197 18 P 0 0 ;0=18,1=0,2
P 7.7460631 0.6663387 68 P 0 0 ;0=55,1=0
P 7.7460631 0.734252 18 P 0 0 ;0=18,1=0,2
P 7.7460631 0.8169292 18 P 0 0 ;0=18,1=0,2
P 7.7492126 3.9173228 33 P 0 0 ;0=23,1=0
S P 0
OB 0.0688976 2.4307167 I
OS 0.2903458 2.4307167
OS 0.3149606 2.4061023
OS 0.3149606 2.007874
OS 0.080113 2.0078738
OS 0.0492122 2.0387739
OS 0.0492126 2.4114173
OS 0.068576 2.4307807
OS 0.0688976 2.4307167
OE
OB 0.8795286 1.5997932 I
OS 0.8795286 1.3723956
OS 1.3313715 1.0457363
OS 1.3779539 0.9545788
OS 1.3779539 0.8763756
OS 1.3779527 0.8763696
OS 1.3779527 0.7283465
OS 1.3778887 0.7280247
OS 1.3779539 0.7276969
OS 1.3779539 0.7273522
OS 1.3228359 0.672234
OS 1.0492154 0.6722341
OS 0.9842565 0.7371893
OS 0.9842483 0.934053
OS 0.8464552 1.0718402
OS 0.5314976 1.07184
OS 0.5019697 1.1013683
OS 0.5019697 1.593494
OS 0.5314969 1.6230212
OS 0.8563 1.6230215
OS 0.8795286 1.5997932
OE
SE
S P 0
OB 0.4330709 4.3208661 I
OS 0.4625982 4.2913383
OS 0.4625983 3.8681102
OS 0.433071 3.8385829
OS 0.3838583 3.8385827
OS 0.3838583 3.2874016
OS 0.3594487 3.2629921
OS 0.0736222 3.2629922
OS 0.0492124 3.2874018
OS 0.0492126 4.2913386
OS 0.0787401 4.3208662
OS 0.4330709 4.3208661
OE
SE
S P 0
OB 0.4625985 3.1594489 I
OS 0.4625984 2.7175198
OS 0.4419291 2.6968504
OS 0.3346455 2.6968503
OS 0.3149604 2.6771652
OS 0.3149606 2.4704724
OS 0.2952756 2.4507874
OS 0.0688976 2.4507874
OS 0.0492125 2.4704723
OS 0.0492124 3.1692911
OS 0.0590551 3.1791339
OS 0.4429133 3.1791339
OS 0.4625985 3.1594489
OE
SE
S P 0
OB 0.6230315 4.2641732 I
OS 0.5580709 4.2641732
OS 0.5580709 4.3070866
OS 0.5807087 4.3070866
OS 0.5807087 4.2874016
OS 0.6003937 4.2874016
OS 0.6003937 4.3070866
OS 0.6230315 4.3070866
OS 0.6230315 4.2641732
OE
SE
S P 0
OB 0.6230315 4.3976378 I
OS 0.6003937 4.3976378
OS 0.6003937 4.4173228
OS 0.5807087 4.4173228
OS 0.5807087 4.3976378
OS 0.5580709 4.3976378
OS 0.5580709 4.4409449
OS 0.6230315 4.4409449
OS 0.6230315 4.3976378
OE
SE
S P 0
OB 0.6627039 3.8044353 I
OS 0.630461 3.7721924
OS 0.6256334 3.7649673
OS 0.6254102 3.7638453
OS 0.55826 3.7638453
OS 0.55826 3.7726694
OS 0.4647501 3.7726694
OS 0.4625985 3.7730974
OS 0.4604469 3.7726694
OS 0.4153624 3.7726694
OS 0.4153624 3.7104804
OS 0.55826 3.7104804
OS 0.55826 3.7193045
OS 0.6239382 3.7193045
OS 0.6239382 3.4983861
OS 0.6138067 3.4882547
OS 0.55826 3.4882547
OS 0.55826 3.4970788
OS 0.4153624 3.4970788
OS 0.4153624 3.4348898
OS 0.55826 3.4348898
OS 0.55826 3.4437139
OS 0.623031 3.4437139
OS 0.6230315 3.4437138
OS 0.631554 3.4454091
OS 0.6387791 3.4502367
OS 0.6619559 3.4734136
OS 0.6619562 3.4734138
OS 0.6667838 3.4806389
OS 0.6684791 3.4891614
OS 0.668479 3.4891619
OS 0.668479 3.7415749
OS 0.668479 3.74722
OS 0.7168247 3.7955658
OS 0.7221513 3.7955657
OS 0.7283462 3.7893706
OS 0.7283464 3.1262119
OS 0.6859097 3.0837753
OS 0.6819523 3.0778525
OS 0.6805625 3.0708661
OS 0.6805626 3.0708656
OS 0.6805626 2.4386644
OS 0.6760993 2.4342012
OS 0.4993022 2.4342012
OS 0.4983786 2.4355834
OS 0.4945121 2.438167
OS 0.4941208 2.4399194
OS 0.4941208 2.4419704
OS 0.4945121 2.4437228
OS 0.4983786 2.4463064
OS 0.5016835 2.4512524
OS 0.502844 2.4570867
OS 0.502844 2.4748031
OS 0.5016835 2.4806374
OS 0.4983786 2.4855834
OS 0.4934326 2.4888883
OS 0.4875983 2.4900488
OS 0.4193833 2.4900488
OS 0.4140027 2.4954295
OS 0.4140027 2.5490237
OS 0.4293228 2.5490237
OS 0.4293228 2.6281417
OS 0.3541418 2.6281417
OS 0.3541418 2.5490237
OS 0.3694619 2.5490237
OS 0.3694619 2.4862052
OS 0.3694618 2.4862047
OS 0.3711571 2.4776822
OS 0.3759847 2.4704571
OS 0.3962443 2.4501976
OS 0.3962445 2.4501973
OS 0.4034696 2.4453697
OS 0.4078791 2.4444926
OS 0.4090311 2.4437228
OS 0.4094224 2.4419704
OS 0.4094224 2.4399194
OS 0.4090311 2.438167
OS 0.4051646 2.4355834
OS 0.4018597 2.4306374
OS 0.4006992 2.4248031
OS 0.4006992 2.4070867
OS 0.4018597 2.4012524
OS 0.4051646 2.3963064
OS 0.4090311 2.3937228
OS 0.4091486 2.3931966
OS 0.4082915 2.3909069
OS 0.4065213 2.3880638
OS 0.398761 2.3865201
OS 0.3915359 2.3816925
OS 0.3915357 2.3816922
OS 0.3677171 2.3578737
OS 0.3628895 2.3506486
OS 0.3611942 2.3421261
OS 0.3611943 2.3421256
OS 0.3611943 2.3308976
OS 0.3458743 2.3308976
OS 0.3444881 2.3353235
OS 0.3444879 2.6425194
OS 0.3787479 2.6767796
OS 0.4419291 2.6767797
OS 0.443868 2.6771654
OS 0.4675206 2.6771654
OS 0.492126 2.7017708
OS 0.4921259 3.1889765
OS 0.4724409 3.2086609
OS 0.433071 3.208661
OS 0.4084643 3.2332675
OS 0.4084641 3.7844484
OS 0.43307 3.8090544
OS 0.6607905 3.8090547
OS 0.6627039 3.8044353
OE
OB 0.7283466 2.368043 I
OS 0.7283466 2.2445867
OS 0.7042837 2.2205238
OS 0.368059 2.2205235
OS 0.3456981 2.2428845
OS 0.3458279 2.2485395
OS 0.3494882 2.2517796
OS 0.4210552 2.2517796
OS 0.4210552 2.3308976
OS 0.4108025 2.3308976
OS 0.4087314 2.3358976
OS 0.4148855 2.3420517
OS 0.4159449 2.341841
OS 0.4875983 2.341841
OS 0.4934326 2.3430015
OS 0.4944398 2.3436745
OS 0.5017796 2.3436745
OS 0.5017796 2.3265828
OS 0.5808976 2.3265828
OS 0.5808976 2.345917
OS 0.6921251 2.345917
OS 0.6921256 2.3459169
OS 0.699112 2.3473067
OS 0.7050348 2.3512641
OS 0.7237271 2.3699565
OS 0.7283466 2.368043
OE
OB 0.8061738 1.0334631 I
OS 0.9350394 0.9084676
OS 0.9350395 0.6889764
OS 1.0334664 0.5905491
OS 2.0511815 0.590549
OS 2.2972445 0.3444881
OS 2.4692425 0.3444881
OS 2.4692423 0.187008
OS 2.7066929 0.1870078
OS 2.7066926 0.3444879
OS 2.7657478 0.3444882
OS 2.765748 0.1870079
OS 3.0024625 0.1870077
OS 3.0024626 0.3491366
OS 3.0609899 0.3491366
OS 3.0610225 0.1870079
OS 3.2972441 0.1870075
OS 3.2972441 0.3491367
OS 3.3562992 0.3491367
OS 3.3562992 0.1870074
OS 3.3562987 0.0885819
OS 3.3169284 0.049212
OS 2.3622047 0.0492126
OS 0.9177429 0.0492131
OS 0.7624544 0.1135341
OS 0.3247925 0.55118
OS 0.0688986 0.5511799
OS 0.0492135 0.5511809
OS 0.0492135 1.033465
OS 0.0984257 1.033465
OS 0.8061738 1.0334631
OE
OB 1.5748032 0.4454124 H
OS 1.5574755 0.4440487
OS 1.5405744 0.4399911
OS 1.5245162 0.4333396
OS 1.5096962 0.4242578
OS 1.4964793 0.4129696
OS 1.4851911 0.3997527
OS 1.4761093 0.3849327
OS 1.4694578 0.3688745
OS 1.4654002 0.3519734
OS 1.4640365 0.3346457
OS 1.4654002 0.317318
OS 1.4694578 0.3004169
OS 1.4761093 0.2843587
OS 1.4851911 0.2695387
OS 1.4964793 0.2563218
OS 1.5096962 0.2450336
OS 1.5245162 0.2359518
OS 1.5405744 0.2293003
OS 1.5574755 0.2252427
OS 1.5748032 0.223879
OS 1.5921309 0.2252427
OS 1.609032 0.2293003
OS 1.6250902 0.2359518
OS 1.6399102 0.2450336
OS 1.6531271 0.2563218
OS 1.6644153 0.2695387
OS 1.6734971 0.2843587
OS 1.6801486 0.3004169
OS 1.6842062 0.317318
OS 1.6855699 0.3346457
OS 1.6842062 0.3519734
OS 1.6801486 0.3688745
OS 1.6734971 0.3849327
OS 1.6644153 0.3997527
OS 1.6531271 0.4129696
OS 1.6399102 0.4242578
OS 1.6250902 0.4333396
OS 1.609032 0.4399911
OS 1.5921309 0.4440487
OS 1.5748032 0.4454124
OE
SE
S P 0
OB 0.8501591 1.9586608 I
OS 0.8795274 1.9292928
OS 0.8795268 1.7432484
OS 0.8488764 1.7125982
OS 0.4921254 1.7125978
OS 0.4625982 1.6830706
OS 0.4625982 1.5086608
OS 0.4303155 1.476378
OS 0.0787403 1.476378
OS 0.0492123 1.505906
OS 0.0492122 1.914369
OS 0.0935046 1.9586614
OS 0.4625984 1.9586614
OS 0.8501591 1.9586608
OE
SE
S P 0
OB 1.1674158 3.3320867 I
OS 1.1024552 3.3320867
OS 1.1024552 3.3750001
OS 1.125093 3.3750001
OS 1.125093 3.3553151
OS 1.144778 3.3553151
OS 1.144778 3.3750001
OS 1.1674158 3.3750001
OS 1.1674158 3.3320867
OE
SE
S P 0
OB 1.1674158 3.4655513 I
OS 1.144778 3.4655513
OS 1.144778 3.4852363
OS 1.125093 3.4852363
OS 1.125093 3.4655513
OS 1.1024552 3.4655513
OS 1.1024552 3.5088584
OS 1.1674158 3.5088584
OS 1.1674158 3.4655513
OE
SE
S P 0
OB 1.359252 2.1259842 I
OS 1.339567 2.1259842
OS 1.339567 2.1062992
OS 1.359252 2.1062992
OS 1.359252 2.0836614
OS 1.3159449 2.0836614
OS 1.3159449 2.148622
OS 1.359252 2.148622
OS 1.359252 2.1259842
OE
SE
S P 0
OB 1.4927166 2.0836614 I
OS 1.4498032 2.0836614
OS 1.4498032 2.1062992
OS 1.4694882 2.1062992
OS 1.4694882 2.1259842
OS 1.4498032 2.1259842
OS 1.4498032 2.148622
OS 1.4927166 2.148622
OS 1.4927166 2.0836614
OE
SE
S P 0
OB 2.944145 1.4074774 I
OS 2.9835147 1.368107
OS 2.9835147 1.1700284
OS 3.0118097 1.141733
OS 3.1409937 1.1417307
OS 3.1902076 1.0925151
OS 3.1902084 0.7086612
OS 3.1114679 0.7086607
OS 3.1114675 0.7952719
OS 3.0405985 0.8661418
OS 2.6680629 0.8661417
OS 2.5996568 0.7977355
OS 2.5996569 0.7086582
OS 2.5209167 0.708658
OS 2.5209167 1.3582646
OS 2.5701333 1.4074809
OS 2.944145 1.4074774
OE
SE
S P 0
OB 3.5039369 1.6338579 I
OS 3.5629919 1.574803
OS 3.5629919 1.200787
OS 3.5236217 1.161417
OS 3.2480317 1.1614172
OS 3.2086613 1.2007872
OS 3.2086615 1.3779529
OS 3.1496065 1.4370076
OS 2.4765392 1.4370077
OS 1.7314754 0.691944
OS 1.6862906 0.6732279
OS 1.4527559 0.6732282
OS 1.3979594 0.7280247
OS 1.3980234 0.7283464
OS 1.3980234 0.8763696
OS 2.1079882 1.5863344
OS 2.2227205 1.633858
OS 3.5039369 1.6338579
OE
SE
S P 0
OB 3.7846167 0.1476371 I
OS 3.7649317 0.1476371
OS 3.7649317 0.1279521
OS 3.7846167 0.1279521
OS 3.7846167 0.1053143
OS 3.7417033 0.1053143
OS 3.7417033 0.1702749
OS 3.7846167 0.1702749
OS 3.7846167 0.1476371
OE
SE
S P 0
OB 3.918475 0.1053143 I
OS 3.8751679 0.1053143
OS 3.8751679 0.1279521
OS 3.8948529 0.1279521
OS 3.8948529 0.1476371
OS 3.8751679 0.1476371
OS 3.8751679 0.1702749
OS 3.918475 0.1702749
OS 3.918475 0.1053143
OE
SE
S P 0
OB 4.1653531 1.3661427 I
OS 4.1653551 1.1496049
OS 4.3740157 0.9409434
OS 4.3740153 0.7086613
OS 4.2874017 0.7086614
OS 4.2874012 0.8267712
OS 4.2480315 0.8661413
OS 3.8425196 0.8661417
OS 3.7862729 0.8098951
OS 3.7862731 0.7086644
OS 3.7007871 0.7086643
OS 3.7007875 1.0633778
OS 3.7109073 1.0725528
OS 3.7317322 1.0902355
OS 3.7531205 1.1072325
OS 3.7750496 1.1235259
OS 3.786273 1.1313121
OS 3.7862732 1.1313128
OS 3.7862732 1.3650133
OS 3.8287392 1.4074795
OS 4.124016 1.4074806
OS 4.1653531 1.3661427
OE
SE
S P 0
OB 4.267331 0.7086613 I
OS 4.2677163 0.7067243
OS 4.2677163 0.4232281
OS 4.2442407 0.3997525
OS 3.672244 0.3997524
OS 2.4147909 0.3997533
OS 2.391732 0.4228123
OS 2.391733 0.7838659
OS 2.3952686 0.7874015
OS 2.4901572 0.7874002
OS 2.4901576 0.7020818
OS 2.5131051 0.679134
OS 2.965551 0.6791336
OS 2.9822832 0.695866
OS 2.9822833 0.7874013
OS 3.0807083 0.7874014
OS 3.0807086 0.694882
OS 3.0964573 0.6791334
OS 3.5530501 0.6791328
OS 3.5722929 0.6983756
OS 3.5722933 0.787401
OS 3.6722441 0.7874013
OS 3.6722443 0.7007872
OS 3.6938985 0.6791325
OS 4.1096071 0.6791325
OS 4.1387789 0.7083041
OS 4.138779 0.7874011
OS 4.1387792 0.7874013
OS 4.2673307 0.7874016
OS 4.267331 0.7086613
OE
SE
P 0.0787402 2.0472441 22 P 0 0 ;0=66,1=1
P 0.0787402 2.1555118 22 P 0 0 ;0=66,1=1
P 0.0787402 2.4901575 22 P 0 0 ;0=66,1=1
P 0.0787402 2.5787402 22 P 0 0 ;0=66,1=1
P 0.0787402 2.6574803 22 P 0 0 ;0=66,1=1
P 0.0787402 3.2874016 22 P 0 0 ;0=66,1=1
P 0.0787402 3.3759843 22 P 0 0 ;0=66,1=1
P 0.0787402 3.4629921 22 P 0 0 ;0=66,1=1
P 0.0787402 3.5629921 22 P 0 0 ;0=66,1=1
P 0.0787402 3.6515748 22 P 0 0 ;0=66,1=1
P 0.0787402 3.7401575 22 P 0 0 ;0=66,1=1
P 0.0797245 2.2708661 22 P 0 0 ;0=66,1=1
P 0.0797245 2.3917323 22 P 0 0 ;0=66,1=1
P 0.1673228 2.3917323 22 P 0 0 ;0=66,1=1
P 0.1673228 2.4901575 22 P 0 0 ;0=66,1=1
P 0.179626 2.0472441 22 P 0 0 ;0=66,1=1
P 0.2780514 2.2708661 22 P 0 0 ;0=66,1=1
P 0.2780526 2.0472441 22 P 0 0 ;0=66,1=1
P 0.2780526 2.1653543 22 P 0 0 ;0=66,1=1
P 0.4625984 3.6515748 22 P 0 0 ;0=66,1=1
P 0.4724409 0.4429134 22 P 0 0 ;0=66,1=1
P 0.5216535 2.4594434 22 P 0 0 ;0=66,1=1
P 0.5216535 2.5346345 22 P 0 0 ;0=66,1=1
P 0.5216535 2.6279528 22 P 0 0 ;0=66,1=1
P 0.5216535 2.7433422 22 P 0 0 ;0=66,1=1
P 0.5216535 2.8438595 22 P 0 0 ;0=66,1=1
P 0.5216535 2.9534826 22 P 0 0 ;0=66,1=1
P 0.5216535 3.0568025 22 P 0 0 ;0=66,1=1
P 0.5216535 3.1791339 22 P 0 0 ;0=66,1=1
P 0.5216535 3.3759843 22 P 0 0 ;0=66,1=1
P 0.5314961 3.6515748 22 P 0 0 ;0=66,1=1
P 0.5413386 1.3248032 22 P 0 0 ;0=66,1=1
P 0.5436234 0.9940945 22 P 0 0 ;0=66,1=1
P 0.5436234 1.1122047 22 P 0 0 ;0=66,1=1
P 0.5964567 3.523622 22 P 0 0 ;0=66,1=1
P 0.5964567 3.5826772 22 P 0 0 ;0=66,1=1
P 0.5964567 3.6515748 22 P 0 0 ;0=66,1=1
P 0.6102362 3.1791339 22 P 0 0 ;0=66,1=1
P 0.6102362 3.2859843 22 P 0 0 ;0=66,1=1
P 0.6102362 3.3750001 22 P 0 0 ;0=66,1=1
P 0.6574803 2.2480315 22 P 0 0 ;0=66,1=1
P 0.6574803 2.3307087 22 P 0 0 ;0=66,1=1
P 0.6594488 2.4594434 22 P 0 0 ;0=66,1=1
P 0.6594488 2.5346345 22 P 0 0 ;0=66,1=1
P 0.6594488 2.6279528 22 P 0 0 ;0=66,1=1
P 0.6594488 2.7433422 22 P 0 0 ;0=66,1=1
P 0.6594488 2.8438595 22 P 0 0 ;0=66,1=1
P 0.6594488 2.9534826 22 P 0 0 ;0=66,1=1
P 0.6594488 3.0568025 22 P 0 0 ;0=66,1=1
P 0.6889764 0.223879 22 P 0 0 ;0=66,1=1
P 0.6988189 3.5826772 22 P 0 0 ;0=66,1=1
P 0.6988189 3.6515748 22 P 0 0 ;0=66,1=1
P 0.699635 3.1791339 22 P 0 0 ;0=66,1=1
P 0.7010965 3.2789636 22 P 0 0 ;0=66,1=1
P 0.7010965 3.3759843 22 P 0 0 ;0=66,1=1
P 0.7010965 3.523622 22 P 0 0 ;0=66,1=1
P 0.879527 2.8149606 22 P 0 0 ;0=66,1=1
P 0.8798176 3.0708661 22 P 0 0 ;0=66,1=1
P 0.8925422 1.3248032 22 P 0 0 ;0=66,1=1
P 0.9055118 0.8956693 22 P 0 0 ;0=66,1=1
P 0.9350395 0.0688976 22 P 0 0 ;0=66,1=1
P 0.9547244 0.6200787 22 P 0 0 ;0=66,1=1
P 0.9744094 0.984252 22 P 0 0 ;0=66,1=1
P 1.0708661 1.1968504 22 P 0 0 ;0=66,1=1
P 1.0925197 1.2972441 22 P 0 0 ;0=66,1=1
P 1.1137741 3.7007874 22 P 0 0 ;0=66,1=1
P 1.144778 2.1850394 22 P 0 0 ;0=66,1=1
P 1.2204724 0.0688976 22 P 0 0 ;0=66,1=1
P 1.2204724 1.2090658 22 P 0 0 ;0=66,1=1
P 1.2224409 1.4259843 22 P 0 0 ;0=66,1=1
P 1.2234252 2.5492126 22 P 0 0 ;0=66,1=1
P 1.2234252 3.1200787 22 P 0 0 ;0=66,1=1
P 1.2401574 0.5708661 22 P 0 0 ;0=66,1=1
P 1.2598425 2.5098425 22 P 0 0 ;0=66,1=1
P 1.2795276 1.0334635 22 P 0 0 ;0=66,1=1
P 1.3011811 2.4704724 22 P 0 0 ;0=66,1=1
P 1.3944882 1.0718401 22 P 0 0 ;0=66,1=1
P 1.4712599 2.007874 22 P 0 0 ;0=66,1=1
P 1.496063 0.9251969 22 P 0 0 ;0=66,1=1
P 1.5433199 3.2637795 22 P 0 0 ;0=66,1=1
P 1.5940719 0.0688976 22 P 0 0 ;0=66,1=1
P 1.5940719 0.5708661 22 P 0 0 ;0=66,1=1
P 1.6110236 1.0531496 22 P 0 0 ;0=66,1=1
P 1.7598425 1.1909449 22 P 0 0 ;0=66,1=1
P 1.7667323 1.7814961 22 P 0 0 ;0=66,1=1
P 1.9291339 3.1102362 22 P 0 0 ;0=66,1=1
P 1.9586614 2.6673228 22 P 0 0 ;0=66,1=1
P 1.9881889 0.5708661 22 P 0 0 ;0=66,1=1
P 1.9980314 0.0688976 22 P 0 0 ;0=66,1=1
P 2.0275591 2.6181102 22 P 0 0 ;0=66,1=1
P 2.2637795 0.511811 22 P 0 0 ;0=66,1=1
P 2.2775589 1.9862205 22 P 0 0 ;0=66,1=1
P 2.3523621 0.0688976 22 P 0 0 ;0=66,1=1
P 2.4590551 1.8568898 22 P 0 0 ;0=66,1=1
P 2.5393701 0.2359518 22 P 0 0 ;0=66,1=1
P 2.5472441 0.9527559 22 P 0 0 ;0=66,1=1
P 2.5472441 1.1062992 22 P 0 0 ;0=66,1=1
P 2.5944882 1.4566929 22 P 0 0 ;0=66,1=1
P 2.5944882 1.6141731 22 P 0 0 ;0=66,1=1
P 2.6102362 0.8488582 22 P 0 0 ;0=66,1=1
P 2.7362205 0.1181102 22 P 0 0 ;0=66,1=1
P 2.7362205 0.8897638 22 P 0 0 ;0=66,1=1
P 2.7677165 1.4566929 22 P 0 0 ;0=66,1=1
P 2.7677165 1.6141732 22 P 0 0 ;0=66,1=1
P 2.8444882 0.2362205 22 P 0 0 ;0=66,1=1
P 2.8444882 0.8897638 22 P 0 0 ;0=66,1=1
P 2.9438976 1.4566929 22 P 0 0 ;0=66,1=1
P 2.9438976 1.6141732 22 P 0 0 ;0=66,1=1
P 2.9724409 0.8897638 22 P 0 0 ;0=66,1=1
P 3.0314961 0.1181102 22 P 0 0 ;0=66,1=1
P 3.1023622 0.8488582 22 P 0 0 ;0=66,1=1
P 3.121767 1.4566929 22 P 0 0 ;0=66,1=1
P 3.121767 1.6141732 22 P 0 0 ;0=66,1=1
P 3.1397638 0.2362205 22 P 0 0 ;0=66,1=1
P 3.1496063 1.0984252 22 P 0 0 ;0=66,1=1
P 3.2362205 1.382876 22 P 0 0 ;0=66,1=1
P 3.2874016 1.6141732 22 P 0 0 ;0=66,1=1
P 3.3186174 0.1181102 22 P 0 0 ;0=66,1=1
P 3.44 0.2362205 22 P 0 0 ;0=66,1=1
P 3.484252 1.6141732 22 P 0 0 ;0=66,1=1
P 3.5316906 1.382876 22 P 0 0 ;0=66,1=1
P 3.5316906 1.5114174 22 P 0 0 ;0=66,1=1
P 3.7283465 0.9744094 22 P 0 0 ;0=66,1=1
P 3.7637795 1.0748031 22 P 0 0 ;0=66,1=1
P 3.7785433 0.3385827 22 P 0 0 ;0=66,1=1
P 3.7913386 0.8582677 22 P 0 0 ;0=66,1=1
P 4.1653543 1.0984252 22 P 0 0 ;0=66,1=1
P 4.1879921 0.8897638 22 P 0 0 ;0=66,1=1
P 4.2307087 0.3248031 22 P 0 0 ;0=66,1=1
P 4.2362205 1.0354331 22 P 0 0 ;0=66,1=1
P 4.2952756 0.8582677 22 P 0 0 ;0=66,1=1
P 4.2952756 0.9744094 22 P 0 0 ;0=66,1=1
P 5.6259843 2.476378 22 P 0 0 ;0=66,1=1
P 6.0629921 3.1988188 22 P 0 0 ;0=66,1=1
P 6.1909449 3.0708661 22 P 0 0 ;0=66,1=1
P 6.2401575 3.0314961 22 P 0 0 ;0=66,1=1
