UNITS=INCH
#Layer_Color=32768
#
#Feature symbol names
#
$0 r1.9685
$1 r3.937

#
#Feature attribute names
#

#
#Layer features
#
A 4.0314494 4.2847867 4.2177416 4.283161 4.1240157 4.2175334 0 P 0 N
A 4.2972441 1.6851575 4.5216535 1.6851575 4.4094488 1.6851575 0 P 0 N
A 4.9252435 0.6364732 4.7389513 0.6380989 4.8326772 0.7037265 0 P 0 N
L 0.1343518 1.0905512 0.1343518 1.4015748 0 P 0
L 0.1343518 1.0905512 0.3804148 1.0905512 0 P 0
L 0.1343518 1.4015748 0.3804148 1.4015748 0 P 0
L 0.3804148 1.0905512 0.3804148 1.4015748 0 P 0
L 0.7279528 2.2110236 0.7279528 3.9307086 0 P 0
L 0.7279528 2.2110236 1.4476378 2.2110236 0 P 0
L 0.7279528 3.9307086 1.4476378 3.9307086 0 P 0
L 0.9172813 1.3700787 0.9172813 1.503937 0 P 0
L 0.9172813 1.3700787 0.9920845 1.3700787 0 P 0
L 0.9172813 1.503937 0.9920845 1.503937 0 P 0
L 0.9172899 1.5403533 0.9172899 1.6742116 0 P 0
L 0.9172899 1.5403533 0.992093 1.5403533 0 P 0
L 0.9172899 1.6742116 0.992093 1.6742116 0 P 0
L 0.9349979 1.4370079 0.9743679 1.4370079 1 P 0
L 0.9350064 1.6072824 0.9743765 1.6072824 1 P 0
L 0.9546829 1.4173228 0.9546829 1.4566929 1 P 0
L 0.9546914 1.5875974 0.9546914 1.6269675 1 P 0
L 0.972441 0.0196851 0.972441 0.6515748 0 P 0
L 0.972441 0.0196851 6.9015748 0.0196851 0 P 0
L 0.972441 0.6515748 6.9020079 0.6515748 0 P 0
L 0.972441 4.261811 0.972441 4.8937007 0 P 0
L 0.972441 4.261811 6.9020079 4.261811 0 P 0
L 0.9728741 4.8937007 6.9020079 4.8937007 0 P 0
L 0.9920845 1.3700787 0.9920845 1.503937 0 P 0
L 0.992093 1.5403533 0.992093 1.6742116 0 P 0
L 0.9969498 1.5290345 0.9969498 1.7101369 0 P 0
L 0.9969498 1.5290345 1.07569 1.5290345 0 P 0
L 0.9969498 1.7101369 1.07569 1.7101369 0 P 0
L 0.9989183 1.3700788 0.9989183 1.5039371 0 P 0
L 0.9989183 1.3700788 1.0737215 1.3700788 0 P 0
L 0.9989183 1.5039371 1.0737215 1.5039371 0 P 0
L 1.003937 0.6978336 1.003937 0.894684 0 P 0
L 1.003937 0.6978336 1.7716536 0.6978336 0 P 0
L 1.003937 0.894684 1.1023622 0.894684 0 P 0
L 1.0166349 1.4370079 1.0560049 1.4370079 1 P 0
L 1.0166349 1.6195857 1.0560049 1.6195857 1 P 0
L 1.0363199 1.4173229 1.0363199 1.456693 1 P 0
L 1.0363199 1.5999007 1.0363199 1.6392708 1 P 0
L 1.071753 1.5290345 1.071753 1.7101369 0 P 0
L 1.0737215 1.3700788 1.0737215 1.5039371 0 P 0
L 1.1023622 0.894684 1.1023622 1.6781486 0 P 0
L 1.1023622 1.6781486 1.6732284 1.6781486 0 P 0
L 1.3205001 3.977362 1.3205001 4.223425 0 P 0
L 1.3205001 3.977362 1.6315237 3.977362 0 P 0
L 1.3205001 4.223425 1.6315237 4.223425 0 P 0
L 1.4476378 2.2110236 1.4476378 3.9307086 0 P 0
L 1.5206693 2.7086614 1.5206693 3.2165354 0 P 0
L 1.5206693 2.7086614 1.7667323 2.7086614 0 P 0
L 1.5206693 3.2165354 1.7667323 3.2165354 0 P 0
L 1.5305118 2.265748 1.5305118 2.5767716 0 P 0
L 1.5305118 2.265748 1.7765748 2.265748 0 P 0
L 1.5305118 2.5767716 1.7765748 2.5767716 0 P 0
L 1.6315237 3.977362 1.6315237 4.223425 0 P 0
L 1.6732284 0.894684 1.6732284 1.6781486 0 P 0
L 1.6732284 0.894684 1.7716536 0.894684 0 P 0
L 1.7667323 2.7086614 1.7667323 3.2165354 0 P 0
L 1.7716536 0.6978336 1.7716536 0.894684 0 P 0
L 1.7765748 2.265748 1.7765748 2.5767716 0 P 0
L 2.0562992 4.0712598 2.0562992 4.2759842 0 P 0
L 2.0562992 4.0712598 2.4909448 4.0712598 0 P 0
L 2.0562992 4.2759842 2.4909448 4.2759842 0 P 0
L 2.3543307 0.6338583 2.3543307 0.8267717 0 P 0
L 2.3543307 0.6338583 2.7637795 0.6338583 0 P 0
L 2.3543307 0.8267717 2.7637795 0.8267717 0 P 0
L 2.4783465 3.0580709 2.4783465 3.6545275 0 P 0
L 2.4783465 3.0580709 2.6200787 3.0580709 0 P 0
L 2.4783465 3.6545275 2.6200787 3.6545275 0 P 0
L 2.4909448 4.0712598 2.4909448 4.2759842 0 P 0
L 2.5393701 0.7480315 2.5787401 0.7480315 1 P 0
L 2.5452756 1.242126 2.5452756 2.8070865 0 P 0
L 2.5452756 1.242126 2.6545276 1.132874 0 P 0
L 2.5452756 2.8070865 4.2208662 2.8070865 0 P 0
L 2.5590551 0.7283465 2.5590551 0.7677165 1 P 0
L 2.6200787 3.0580709 2.6200787 3.6545275 0 P 0
L 2.6456693 3.0600394 2.6456693 3.656496 0 P 0
L 2.6456693 3.0600394 2.7874015 3.0600394 0 P 0
L 2.6456693 3.656496 2.7874015 3.656496 0 P 0
L 2.6545276 1.132874 4.2208662 1.132874 0 P 0
L 2.7637795 0.6338583 2.7637795 0.8267717 0 P 0
L 2.7874015 3.0600394 2.7874015 3.656496 0 P 0
L 2.8070867 3.0600394 2.8070867 3.656496 0 P 0
L 2.8070867 3.0600394 2.9488189 3.0600394 0 P 0
L 2.8070867 3.656496 2.9488189 3.656496 0 P 0
L 2.9334646 4.0727559 2.9334646 4.2774803 0 P 0
L 2.9334646 4.0727559 3.3681102 4.0727559 0 P 0
L 2.9334646 4.2774803 3.3681102 4.2774803 0 P 0
L 2.9448819 0.6338583 2.9448819 0.8267717 0 P 0
L 2.9448819 0.6338583 3.3543307 0.6338583 0 P 0
L 2.9448819 0.8267717 3.3543307 0.8267717 0 P 0
L 2.9488189 3.0600394 2.9488189 3.656496 0 P 0
L 2.964567 3.0600394 2.964567 3.656496 0 P 0
L 2.964567 3.0600394 3.1062992 3.0600394 0 P 0
L 2.964567 3.656496 3.1062992 3.656496 0 P 0
L 3.0886961 0.902559 3.0886961 1.0462598 0 P 0
L 3.0886961 0.902559 3.3516883 0.902559 0 P 0
L 3.0886961 1.0462598 3.3516883 1.0462598 0 P 0
L 3.1062992 3.0600394 3.1062992 3.656496 0 P 0
L 3.1299213 0.7480315 3.1692913 0.7480315 1 P 0
L 3.1496063 0.7283465 3.1496063 0.7677165 1 P 0
L 3.3516883 0.902559 3.3516883 1.0462598 0 P 0
L 3.3543307 0.6338583 3.3543307 0.8267717 0 P 0
L 3.3681102 4.0727559 3.3681102 4.2774803 0 P 0
L 3.5354331 0.6338583 3.5354331 0.8267717 0 P 0
L 3.5354331 0.6338583 3.9448819 0.6338583 0 P 0
L 3.5354331 0.8267717 3.9448819 0.8267717 0 P 0
L 3.7204725 0.7480315 3.7598425 0.7480315 1 P 0
L 3.7401575 0.7283465 3.7401575 0.7677165 1 P 0
L 3.9448819 0.6338583 3.9448819 0.8267717 0 P 0
L 4.0308661 4.2839764 4.2171653 4.2839764 0 P 0
L 4.1259843 0.6338583 4.1259843 0.8267717 0 P 0
L 4.1259843 0.6338583 4.5354331 0.6338583 0 P 0
L 4.1259843 0.8267717 4.5354331 0.8267717 0 P 0
L 4.2208662 1.132874 4.2208662 2.8070865 0 P 0
L 4.2972441 1.6851575 4.2972441 1.7648819 0 P 0
L 4.2972441 1.7648819 4.5216535 1.7648819 0 P 0
L 4.3110237 0.7480315 4.3503937 0.7480315 1 P 0
L 4.314332 1.1104725 4.314332 1.5470079 0 P 0
L 4.314332 1.1104725 4.4044894 1.1104725 0 P 0
L 4.314332 1.5470079 4.4044894 1.5470079 0 P 0
L 4.3307087 0.7283465 4.3307087 0.7677165 1 P 0
L 4.4044894 1.1104725 4.4044894 1.5470079 0 P 0
L 4.5216535 1.6851575 4.5216535 1.7648819 0 P 0
L 4.5354331 0.6338583 4.5354331 0.8267717 0 P 0
L 4.6643701 4.0751968 4.6643701 4.2779527 0 P 0
L 4.6643701 4.0751968 5.0994095 4.0751968 0 P 0
L 4.6643701 4.2779527 5.0994095 4.2779527 0 P 0
L 4.7395276 0.6372835 4.9258268 0.6372835 0 P 0
L 4.8622048 4.1535433 4.9015748 4.1535433 1 P 0
L 4.8818898 4.1338583 4.8818898 4.1732283 1 P 0
L 4.8986221 1.7519685 4.8986221 1.9094489 0 P 0
L 4.8986221 1.7519685 5.1604331 1.7519685 0 P 0
L 4.8986221 1.9094489 5.1604331 1.9094489 0 P 0
L 4.8986221 1.9184734 4.8986221 2.0759538 0 P 0
L 4.8986221 1.9184734 5.1604331 1.9184734 0 P 0
L 4.8986221 2.0759538 5.1604331 2.0759538 0 P 0
L 5.0994095 4.0751968 5.0994095 4.2779527 0 P 0
L 5.105725 3.9925196 5.105725 4.2555118 0 P 0
L 5.105725 3.9925196 5.2494258 3.9925196 0 P 0
L 5.105725 4.2555118 5.2494258 4.2555118 0 P 0
L 5.1604331 1.7519685 5.1604331 1.9094489 0 P 0
L 5.1604331 1.9184734 5.1604331 2.0759538 0 P 0
L 5.2494258 3.9925196 5.2494258 4.2555118 0 P 0
L 5.2549212 4.0751968 5.2549212 4.2779527 0 P 0
L 5.2549212 4.0751968 5.6899606 4.0751968 0 P 0
L 5.2549212 4.2779527 5.6899606 4.2779527 0 P 0
L 5.4527559 4.1535433 5.4921259 4.1535433 1 P 0
L 5.4724409 4.1338583 5.4724409 4.1732283 1 P 0
L 5.6017717 0.7255906 5.6017717 0.9354331 0 P 0
L 5.6017717 0.7255906 5.9966535 0.7255906 0 P 0
L 5.6017717 0.9354331 5.9966535 0.9354331 0 P 0
L 5.6899606 4.0751968 5.6899606 4.2779527 0 P 0
L 5.6962761 3.9925196 5.6962761 4.2555118 0 P 0
L 5.6962761 3.9925196 5.8399769 3.9925196 0 P 0
L 5.6962761 4.2555118 5.8399769 4.2555118 0 P 0
L 5.7185039 2.3917322 5.7185039 3.3562992 0 P 0
L 5.7185039 2.3917322 7.7854331 2.3917322 0 P 0
L 5.7185039 3.3562992 7.7854331 3.3562992 0 P 0
L 5.769685 1.2637795 5.769685 2.2795275 0 P 0
L 5.769685 1.2637795 6.277559 1.2637795 0 P 0
L 5.769685 2.2795275 6.277559 2.2795275 0 P 0
L 5.8399769 3.9925196 5.8399769 4.2555118 0 P 0
L 5.8454724 4.0751968 5.8454724 4.2779527 0 P 0
L 5.8454724 4.0751968 6.2805118 4.0751968 0 P 0
L 5.8454724 4.2779527 6.2805118 4.2779527 0 P 0
L 5.9966535 0.7255906 5.9966535 0.9354331 0 P 0
L 6.0433071 4.1535433 6.0826771 4.1535433 1 P 0
L 6.0629921 4.1338583 6.0629921 4.1732283 1 P 0
L 6.2716536 1.2637795 6.2716536 2.2795275 0 P 0
L 6.2716536 1.2637795 6.7795276 1.2637795 0 P 0
L 6.2716536 2.2795275 6.7795276 2.2795275 0 P 0
L 6.277559 1.2637795 6.277559 2.2795275 0 P 0
L 6.2805118 4.0751968 6.2805118 4.2779527 0 P 0
L 6.2864173 3.9925196 6.2864173 4.2555118 0 P 0
L 6.2864173 3.9925196 6.4301181 3.9925196 0 P 0
L 6.2864173 4.2555118 6.4301181 4.2555118 0 P 0
L 6.4301181 3.9925196 6.4301181 4.2555118 0 P 0
L 6.4360236 4.0751968 6.4360236 4.2779527 0 P 0
L 6.4360236 4.0751968 6.871063 4.0751968 0 P 0
L 6.4360236 4.2779527 6.871063 4.2779527 0 P 0
L 6.6338583 4.1535433 6.6732283 4.1535433 1 P 0
L 6.6535433 4.1338583 6.6535433 4.1732283 1 P 0
L 6.7322835 2.8720473 6.7716535 2.8720473 0 P 0
L 6.7519685 2.8523623 6.7519685 2.8917323 0 P 0
L 6.7795276 1.2637795 6.7795276 2.2795275 0 P 0
L 6.871063 4.0751968 6.871063 4.2779527 0 P 0
L 6.886811 3.9925197 6.886811 4.2555119 0 P 0
L 6.886811 3.9925197 7.0305118 3.9925197 0 P 0
L 6.886811 4.2555119 7.0305118 4.2555119 0 P 0
L 6.9015749 0.5669293 6.9015749 0.8129923 0 P 0
L 6.9015749 0.5669293 7.2125985 0.5669293 0 P 0
L 6.9015749 0.8129923 7.2125985 0.8129923 0 P 0
L 6.9020079 0.0196851 6.9020079 0.6515748 0 P 0
L 6.9020079 4.261811 6.9020079 4.8937007 0 P 0
L 6.9124016 0.8726379 6.9124016 1.2509843 0 P 0
L 6.9124016 0.8726379 7.7072834 0.8726379 0 P 0
L 6.9124016 1.2509843 7.7072834 1.2509843 0 P 0
L 7.0305118 3.9925197 7.0305118 4.2555119 0 P 0
L 7.2125985 0.5669293 7.2125985 0.8129923 0 P 0
L 7.2165354 0.565945 7.2165354 0.812008 0 P 0
L 7.2165354 0.565945 7.527559 0.565945 0 P 0
L 7.2165354 0.812008 7.527559 0.812008 0 P 0
L 7.4940945 4.0173229 7.4940945 4.3488189 0 P 0
L 7.4940945 4.0173229 7.8543307 4.0173229 0 P 0
L 7.4940945 4.3488189 7.8543307 4.3488189 0 P 0
L 7.5 1.5566929 7.5 1.9472441 0 P 0
L 7.5 1.5566929 7.5787401 1.5566929 0 P 0
L 7.5 1.9472441 7.5787401 1.9472441 0 P 0
L 7.527559 0.565945 7.527559 0.812008 0 P 0
L 7.5413387 0.5639765 7.5413387 0.8100395 0 P 0
L 7.5413387 0.5639765 7.8523623 0.5639765 0 P 0
L 7.5413387 0.8100395 7.8523623 0.8100395 0 P 0
L 7.5787401 1.5094488 7.5787401 1.5566929 0 P 0
L 7.5787401 1.5094488 7.8543307 1.5094488 0 P 0
L 7.5787401 1.9472441 7.5787401 1.9944882 0 P 0
L 7.5787401 1.9944882 7.8543307 1.9944882 0 P 0
L 7.7072834 0.8726379 7.7072834 1.2509843 0 P 0
L 7.7854331 2.3917322 7.7854331 3.3562992 0 P 0
L 7.8523623 0.5639765 7.8523623 0.8100395 0 P 0
L 7.8543307 1.5094488 7.8543307 1.9944882 0 P 0
L 7.8543307 4.0173229 7.8543307 4.3488189 0 P 0
S P 0
OB 7.1023622 1.4547244 I
OS 6.7834646 1.4547244
OS 6.7834646 2.0295276
OS 7.1023622 2.0295276
OS 7.1023622 1.4547244
OE
SE
