UNITS=INCH
#Layer_Color=32768
#
#Feature symbol names
#
$0 r1.9685
$1 r3.937

#
#Feature attribute names
#

#
#Layer features
#
L 0.0264961 0.9679528 0.0264961 1.7979528 0 P 0
L 0.0264961 0.9679528 0.6864961 0.9679528 0 P 0
L 0.0264961 1.7979528 0.6864961 1.7979528 0 P 0
L 0.3624014 0.4055118 0.3624014 0.5393701 0 P 0
L 0.3624014 0.4055118 0.4372045 0.4055118 0 P 0
L 0.3624014 0.5393701 0.4372045 0.5393701 0 P 0
L 0.3801179 0.472441 0.419488 0.472441 1 P 0
L 0.399803 0.4527559 0.399803 0.492126 1 P 0
L 0.4133857 0.592126 0.4133857 0.884252 0 P 0
L 0.4133857 0.592126 0.6299211 0.592126 0 P 0
L 0.4133857 0.884252 0.6299211 0.884252 0 P 0
L 0.4372045 0.4055118 0.4372045 0.5393701 0 P 0
L 0.4608266 0.4055118 0.4608266 0.5393701 0 P 0
L 0.4608266 0.4055118 0.5356297 0.4055118 0 P 0
L 0.4608266 0.5393701 0.5356297 0.5393701 0 P 0
L 0.4785431 0.472441 0.5179132 0.472441 1 P 0
L 0.4982282 0.4527559 0.4982282 0.492126 1 P 0
L 0.5356297 0.4055118 0.5356297 0.5393701 0 P 0
L 0.5494093 0.4055119 0.5494093 0.5393702 0 P 0
L 0.5494093 0.4055119 0.6242125 0.4055119 0 P 0
L 0.5494093 0.5393702 0.6242125 0.5393702 0 P 0
L 0.5671259 0.472441 0.6064959 0.472441 1 P 0
L 0.5868109 0.452756 0.5868109 0.4921261 1 P 0
L 0.6242125 0.4055119 0.6242125 0.5393702 0 P 0
L 0.6299211 0.592126 0.6299211 0.884252 0 P 0
L 0.645866 0.397441 0.645866 0.547441 0 P 0
L 0.645866 0.397441 0.7206692 0.397441 0 P 0
L 0.645866 0.547441 0.7206692 0.547441 0 P 0
L 0.6635826 0.472441 0.7029526 0.472441 1 P 0
L 0.6832676 0.452756 0.6832676 0.4921261 1 P 0
L 0.6864961 0.9679528 0.6864961 1.7979528 0 P 0
L 0.7206692 0.397441 0.7206692 0.547441 0 P 0
L 0.7519686 1.2696851 0.7519686 2.5492126 0 P 0
L 0.7519686 1.2696851 1.8582678 1.2696851 0 P 0
L 0.7519686 2.5492126 1.8582678 2.5492126 0 P 0
L 0.992126 0.6259842 0.992126 1.0866141 0 P 0
L 0.992126 0.6259842 1.2125984 0.6259842 0 P 0
L 0.992126 1.0866141 1.2125984 1.0866141 0 P 0
L 1.0253937 0.5137795 1.0253937 0.5885827 0 P 0
L 1.0253937 0.5137795 1.1753937 0.5137795 0 P 0
L 1.0253937 0.5885827 1.1753937 0.5885827 0 P 0
L 1.0807087 0.5511811 1.1200788 0.5511811 1 P 0
L 1.0826772 0.8562992 1.1220472 0.8562992 1 P 0
L 1.1003937 0.5314961 1.1003937 0.5708661 1 P 0
L 1.1023622 0.8366141 1.1023622 0.8759842 1 P 0
L 1.1753937 0.5137795 1.1753937 0.5885827 0 P 0
L 1.187008 1.1683071 1.187008 1.2529527 0 P 0
L 1.187008 1.1683071 1.3838584 1.1683071 0 P 0
L 1.187008 1.2529527 1.3838584 1.2529527 0 P 0
L 1.2125984 0.6259842 1.2125984 1.0866141 0 P 0
L 1.2322834 0.7982283 1.2322834 0.8730315 0 P 0
L 1.2322834 0.7982283 1.3661417 0.7982283 0 P 0
L 1.2322834 0.8730315 1.3661417 0.8730315 0 P 0
L 1.2322835 0.8877953 1.2322835 0.9625985 0 P 0
L 1.2322835 0.8877953 1.3661418 0.8877953 0 P 0
L 1.2322835 0.9625985 1.3661418 0.9625985 0 P 0
L 1.2795275 0.8356299 1.3188976 0.8356299 1 P 0
L 1.2795276 0.9251969 1.3188977 0.9251969 1 P 0
L 1.2992126 0.8159449 1.2992126 0.8553149 1 P 0
L 1.2992126 0.9055119 1.2992126 0.9448819 1 P 0
L 1.3149608 0.4714567 1.3149608 0.605315 0 P 0
L 1.3149608 0.4714567 1.389764 0.4714567 0 P 0
L 1.3149608 0.605315 1.389764 0.605315 0 P 0
L 1.3326774 0.5383858 1.3720474 0.5383858 1 P 0
L 1.3405512 1.0059055 1.3405512 1.1397637 0 P 0
L 1.3405512 1.0059055 1.4744094 1.0059055 0 P 0
L 1.3405512 1.1397637 1.4744094 1.1397637 0 P 0
L 1.3523624 0.5187008 1.3523624 0.5580709 1 P 0
L 1.3661417 0.7982283 1.3661417 0.8730315 0 P 0
L 1.3661418 0.8877953 1.3661418 0.9625985 0 P 0
L 1.3838584 1.1683071 1.3838584 1.2529527 0 P 0
L 1.3877952 1.0728346 1.4271653 1.0728346 1 P 0
L 1.389764 0.4714567 1.389764 0.605315 0 P 0
L 1.4074803 1.0531496 1.4074803 1.0925197 1 P 0
L 1.4744094 1.0059055 1.4744094 1.1397637 0 P 0
L 1.5177166 0.9291338 1.5177166 1.0629921 0 P 0
L 1.5177166 0.9291338 1.5925197 0.9291338 0 P 0
L 1.5177166 1.0629921 1.5925197 1.0629921 0 P 0
L 1.5354331 0.9960629 1.5748032 0.9960629 1 P 0
L 1.5551181 0.9763779 1.5551181 1.015748 1 P 0
L 1.5712599 0.1566929 1.5712599 0.8763779 0 P 0
L 1.5712599 0.1566929 3.2909449 0.1566929 0 P 0
L 1.5712599 0.8763779 3.2909449 0.8763779 0 P 0
L 1.5925197 0.9291338 1.5925197 1.0629921 0 P 0
L 1.8582678 1.2696851 1.8582678 2.5492126 0 P 0
L 1.8700788 1.0059055 1.8700788 1.1397638 0 P 0
L 1.8700788 1.0059055 1.9448819 1.0059055 0 P 0
L 1.8700788 1.1397638 1.9448819 1.1397638 0 P 0
L 1.8877953 1.0728346 1.9271654 1.0728346 1 P 0
L 1.9074803 1.0531496 1.9074803 1.0925197 1 P 0
L 1.9448819 1.0059055 1.9448819 1.1397638 0 P 0
L 1.9807086 2.1594488 1.9807086 2.4704724 0 P 0
L 1.9807086 2.1594488 2.2267716 2.1594488 0 P 0
L 1.9807086 2.4704724 2.2267716 2.4704724 0 P 0
L 2.2267716 2.1594488 2.2267716 2.4704724 0 P 0
L 2.2952756 1.3405512 2.2952756 1.4744094 0 P 0
L 2.2952756 1.3405512 2.4291338 1.3405512 0 P 0
L 2.2952756 1.4744094 2.4291338 1.4744094 0 P 0
L 2.3387796 2.4133858 2.3387796 2.488189 0 P 0
L 2.3387796 2.4133858 2.4726379 2.4133858 0 P 0
L 2.3387796 2.488189 2.4726379 2.488189 0 P 0
L 2.3425196 1.4074803 2.3818897 1.4074803 1 P 0
L 2.3622047 1.3877952 2.3622047 1.4271653 1 P 0
L 2.3799214 1.8759842 2.3799214 2.3366141 0 P 0
L 2.3799214 1.8759842 2.6003938 1.8759842 0 P 0
L 2.3799214 2.3366141 2.6003938 2.3366141 0 P 0
L 2.3860237 2.4507874 2.4253938 2.4507874 1 P 0
L 2.3937009 1.0374015 2.3937009 1.1712598 0 P 0
L 2.3937009 1.0374015 2.468504 1.0374015 0 P 0
L 2.3937009 1.1712598 2.468504 1.1712598 0 P 0
L 2.4057088 2.4311024 2.4057088 2.4704724 1 P 0
L 2.4114174 1.1043306 2.4507875 1.1043306 1 P 0
L 2.4291338 1.3405512 2.4291338 1.4744094 0 P 0
L 2.4311024 1.0846456 2.4311024 1.1240157 1 P 0
L 2.4566928 1.3877953 2.4566928 1.4625985 0 P 0
L 2.4566928 1.3877953 2.5905511 1.3877953 0 P 0
L 2.4566928 1.4625985 2.5905511 1.4625985 0 P 0
L 2.4576772 1.5748031 2.4576772 1.7716535 0 P 0
L 2.4576772 1.5748031 2.5423228 1.5748031 0 P 0
L 2.4576772 1.7716535 2.5423228 1.7716535 0 P 0
L 2.468504 1.0374015 2.468504 1.1712598 0 P 0
L 2.4704726 2.1062992 2.5098426 2.1062992 1 P 0
L 2.4726379 2.4133858 2.4726379 2.488189 0 P 0
L 2.4822835 1.0374015 2.4822835 1.1712598 0 P 0
L 2.4822835 1.0374015 2.5570866 1.0374015 0 P 0
L 2.4822835 1.1712598 2.5570866 1.1712598 0 P 0
L 2.4901576 2.0866141 2.4901576 2.1259842 1 P 0
L 2.5 1.1043306 2.5393701 1.1043306 1 P 0
L 2.5039369 1.4251969 2.543307 1.4251969 1 P 0
L 2.519685 1.0846456 2.519685 1.1240157 1 P 0
L 2.523622 1.4055119 2.523622 1.4448819 1 P 0
L 2.5423228 1.5748031 2.5423228 1.7716535 0 P 0
L 2.5511813 2.4133858 2.5511813 2.488189 0 P 0
L 2.5511813 2.4133858 2.6850396 2.4133858 0 P 0
L 2.5511813 2.488189 2.6850396 2.488189 0 P 0
L 2.5570866 1.0374015 2.5570866 1.1712598 0 P 0
L 2.5905511 1.3877953 2.5905511 1.4625985 0 P 0
L 2.5984254 2.4507874 2.6377955 2.4507874 1 P 0
L 2.6003938 1.8759842 2.6003938 2.3366141 0 P 0
L 2.6181104 2.4311024 2.6181104 2.4704724 1 P 0
L 2.6190946 2.1870078 2.6190946 2.3838582 0 P 0
L 2.6190946 2.1870078 2.7037402 2.1870078 0 P 0
L 2.6190946 2.3838582 2.7037402 2.3838582 0 P 0
L 2.6377953 1.0214173 2.6377953 1.3014173 0 P 0
L 2.6377953 1.0214173 2.7755905 1.0214173 0 P 0
L 2.6377953 1.3014173 2.7755905 1.3014173 0 P 0
L 2.6515748 1.4899607 2.6515748 1.6399607 0 P 0
L 2.6515748 1.4899607 2.726378 1.4899607 0 P 0
L 2.6515748 1.6399607 2.726378 1.6399607 0 P 0
L 2.6692913 1.9015748 2.6692913 1.976378 0 P 0
L 2.6692913 1.9015748 2.8031496 1.9015748 0 P 0
L 2.6692913 1.976378 2.8031496 1.976378 0 P 0
L 2.6692914 1.5649607 2.7086614 1.5649607 1 P 0
L 2.6692914 1.8031496 2.6692914 1.8779528 0 P 0
L 2.6692914 1.8031496 2.8031497 1.8031496 0 P 0
L 2.6692914 1.8779528 2.8031497 1.8779528 0 P 0
L 2.679134 2.0458355 2.679134 2.1796937 0 P 0
L 2.679134 2.0458355 2.8129922 2.0458355 0 P 0
L 2.679134 2.1796937 2.8129922 2.1796937 0 P 0
L 2.6850396 2.4133858 2.6850396 2.488189 0 P 0
L 2.6870079 1.1614173 2.726378 1.1614173 1 P 0
L 2.6889764 1.5452756 2.6889764 1.5846457 1 P 0
L 2.7037402 2.1870078 2.7037402 2.3838582 0 P 0
L 2.7066929 1.1417323 2.7066929 1.1811024 1 P 0
L 2.7165354 1.9389764 2.7559055 1.9389764 1 P 0
L 2.7165355 1.8405512 2.7559056 1.8405512 1 P 0
L 2.718504 2.2017717 2.718504 2.33563 0 P 0
L 2.718504 2.2017717 2.7933072 2.2017717 0 P 0
L 2.718504 2.33563 2.7933072 2.33563 0 P 0
L 2.726378 1.4899607 2.726378 1.6399607 0 P 0
L 2.7263781 2.1127646 2.7657481 2.1127646 1 P 0
L 2.7362205 1.8208662 2.7362205 1.8602362 1 P 0
L 2.7362205 1.9192914 2.7362205 1.9586614 1 P 0
L 2.7362206 2.2687008 2.7755906 2.2687008 1 P 0
L 2.7460631 2.0930796 2.7460631 2.1324497 1 P 0
L 2.7480315 1.5051968 2.7480315 1.6390551 0 P 0
L 2.7480315 1.5051968 2.8228347 1.5051968 0 P 0
L 2.7480315 1.6390551 2.8228347 1.6390551 0 P 0
L 2.7559056 2.2490158 2.7559056 2.2883859 1 P 0
L 2.7657481 1.572126 2.8051181 1.572126 1 P 0
L 2.7755905 1.0214173 2.7755905 1.3014173 0 P 0
L 2.7854331 1.5524409 2.7854331 1.591811 1 P 0
L 2.7933072 2.2017717 2.7933072 2.33563 0 P 0
L 2.8031496 1.9015748 2.8031496 1.976378 0 P 0
L 2.8031497 1.8031496 2.8031497 1.8779528 0 P 0
L 2.8090554 2.1624016 2.8090554 2.4734252 0 P 0
L 2.8090554 2.1624016 3.0551184 2.1624016 0 P 0
L 2.8090554 2.4734252 3.0551184 2.4734252 0 P 0
L 2.8129922 2.0458355 2.8129922 2.1796937 0 P 0
L 2.8228347 1.5051968 2.8228347 1.6390551 0 P 0
L 2.8307086 1.8582677 2.8307086 2.0787401 0 P 0
L 2.8307086 1.8582677 3.2913385 1.8582677 0 P 0
L 2.8307086 2.0787401 3.2913385 2.0787401 0 P 0
L 2.8661417 1.0452755 2.8661417 1.1791338 0 P 0
L 2.8661417 1.0452755 2.9409449 1.0452755 0 P 0
L 2.8661417 1.1791338 2.9409449 1.1791338 0 P 0
L 2.8661417 1.2175196 2.8661417 1.3513779 0 P 0
L 2.8661417 1.2175196 2.9409449 1.2175196 0 P 0
L 2.8661417 1.3513779 2.9409449 1.3513779 0 P 0
L 2.8838583 1.1122047 2.9232283 1.1122047 1 P 0
L 2.8838583 1.2844488 2.9232283 1.2844488 1 P 0
L 2.9035433 1.0925196 2.9035433 1.1318897 1 P 0
L 2.9035433 1.2647637 2.9035433 1.3041338 1 P 0
L 2.9409449 1.0452755 2.9409449 1.1791338 0 P 0
L 2.9409449 1.2175196 2.9409449 1.3513779 0 P 0
L 3.0142913 0.9579528 3.0142913 1.7879528 0 P 0
L 3.0142913 0.9579528 3.6742913 0.9579528 0 P 0
L 3.0142913 1.7879528 3.6742913 1.7879528 0 P 0
L 3.0413385 1.9685039 3.0807086 1.9685039 1 P 0
L 3.0551184 2.1624016 3.0551184 2.4734252 0 P 0
L 3.0610236 1.9488189 3.0610236 1.9881889 1 P 0
L 3.1338583 2.1624016 3.1338583 2.4734252 0 P 0
L 3.1338583 2.1624016 3.3799213 2.1624016 0 P 0
L 3.1338583 2.4734252 3.3799213 2.4734252 0 P 0
L 3.1377952 2.0787401 3.1377952 2.1535433 0 P 0
L 3.1377952 2.0787401 3.2716535 2.0787401 0 P 0
L 3.1377952 2.1535433 3.2716535 2.1535433 0 P 0
L 3.1850393 2.1161417 3.2244094 2.1161417 1 P 0
L 3.2047244 2.0964567 3.2047244 2.1358267 1 P 0
L 3.2716535 2.0787401 3.2716535 2.1535433 0 P 0
L 3.2909449 0.1566929 3.2909449 0.8763779 0 P 0
L 3.2913385 1.8582677 3.2913385 2.0787401 0 P 0
L 3.3799213 2.1624016 3.3799213 2.4734252 0 P 0
L 3.6742913 0.9579528 3.6742913 1.7879528 0 P 0
