UNITS=INCH
#Layer_Color=16711935
#
#Feature symbol names
#
$0 r7.874
$1 r5
$2 r6
$3 r10
$4 r3.937

#
#Feature attribute names
#

#
#Layer features
#
A 0.2819896 1.4208661 0.2819896 1.4208661 0.2780526 1.4208661 0 P 0 N
A 1.4755906 2.3622047 1.4755906 2.3622047 1.4716536 2.3622047 0 P 0 N
A 1.654752 4.0797242 1.654752 4.0797242 1.650815 4.0797242 0 P 0 N
A 1.6614173 3.2322834 1.6614173 3.2322834 1.6574803 3.2322834 0 P 0 N
A 1.6781496 2.5960629 1.6781496 2.5960629 1.6742126 2.5960629 0 P 0 N
A 2.177559 4.0535433 2.177559 4.0535433 2.173622 4.0535433 0 P 0 N
A 4.0412304 4.2748586 4.2078381 4.2734046 4.1240157 4.2147115 1 P 0 N
A 4.261811 4.2204725 4.261811 4.2204725 4.257874 4.2204725 0 P 0 N
A 4.3344882 1.7548425 4.4844094 1.7548425 4.4094488 1.6849406 1 P 0 N
A 4.3633477 1.5765355 4.3633477 1.5765355 4.3594107 1.5765355 0 P 0 N
A 4.4633858 1.7711811 4.4633858 1.7711811 4.4594488 1.7711811 0 P 0 N
A 4.7027559 0.7007874 4.7027559 0.7007874 4.6988189 0.7007874 0 P 0 N
A 4.9154625 0.6464013 4.7488548 0.6478553 4.8326772 0.7065484 1 P 0 N
A 5.9531496 0.8307087 5.9531496 0.8307087 5.9492126 0.8307087 0 P 0 N
A 7.0137795 0.8627954 7.0137795 0.8627954 7.0098425 0.8627954 0 P 0 N
A 7.2358268 0.6692915 7.2358268 0.6692915 7.2318898 0.6692915 0 P 0 N
A 7.3025197 4.1830709 7.3425197 4.1430709 7.3425197 4.1830709 2 P 0 N
A 7.3039526 4.1371082 7.3425199 4.1230709 7.3425199 4.1830709 2 P 0 N
A 7.3049621 4.1124351 7.3425198 4.1030709 7.3425198 4.1830709 3 P 0 N
A 7.3175197 4.1830709 7.3425197 4.1580709 7.3425197 4.1830709 2 P 0 N
A 7.3425202 4.2430709 7.3031567 4.2283535 7.3425202 4.1830709 2 P 0 N
A 7.3425222 4.1230709 7.38267 4.1384822 7.3425222 4.1830709 2 P 0 N
A 7.342523 4.1030709 7.3849165 4.1152271 7.342523 4.1830709 3 P 0 N
A 7.3675197 4.1830709 7.3425197 4.2080709 7.3425197 4.1830709 2 P 0 N
A 7.3810868 4.2290336 7.3425195 4.2430709 7.3425195 4.1830709 2 P 0 N
A 7.3825197 4.1830709 7.3425197 4.2230709 7.3425197 4.1830709 2 P 0 N
A 7.5507873 0.6683072 7.5507873 0.6683072 7.5468503 0.6683072 0 P 0 N
A 7.6496063 4.0019685 7.6496063 4.0019685 7.6456693 4.0019685 0 P 0 N
A 7.6712598 1.496063 7.6712598 1.496063 7.6673228 1.496063 0 P 0 N
A 7.8755906 0.6663387 7.8755906 0.6663387 7.8716536 0.6663387 0 P 0 N
L 0.1441943 1.1003937 0.1441943 1.3917323 1 P 0
L 0.1441943 1.1003937 0.3705723 1.1003937 1 P 0
L 0.1441943 1.3917323 0.3705723 1.3917323 1 P 0
L 0.3705723 1.1003937 0.3705723 1.3917323 1 P 0
L 0.7377953 2.2208661 0.7377953 3.9208661 1 P 0
L 0.7377953 2.2208661 1.4377953 2.2208661 1 P 0
L 0.7377953 3.9208661 1.4377953 3.9208661 1 P 0
L 0.9271324 1.5639754 0.9271324 1.6505895 4 P 0
L 0.9271324 1.5639754 0.9822505 1.5639754 4 P 0
L 0.9271324 1.6505895 0.9822505 1.6505895 4 P 0
L 0.9281081 1.3937008 0.9281081 1.480315 4 P 0
L 0.9281081 1.3937008 0.9812577 1.3937008 4 P 0
L 0.9281081 1.480315 0.9812577 1.480315 4 P 0
L 0.980315 0.0314961 0.980315 0.6417323 1 P 0
L 0.980315 0.0314961 6.8897639 0.0314962 1 P 0
L 0.980315 0.6417323 6.8921654 0.6417323 1 P 0
L 0.9812577 1.3937008 0.9812577 1.480315 4 P 0
L 0.9822505 1.5639754 0.9822505 1.6505895 4 P 0
L 0.9822835 4.2716535 0.9822835 4.8794881 1 P 0
L 0.9822835 4.2716535 6.8941339 4.2716535 1 P 0
L 0.9822835 4.8794881 0.984685 4.8818896 1 P 0
L 0.984685 4.8818896 6.8941339 4.8818897 1 P 0
L 1.0028553 1.5634834 1.0028553 1.6756881 4 P 0
L 1.0028553 1.5634834 1.0697845 1.5634834 4 P 0
L 1.0028553 1.6756881 1.0697845 1.6756881 4 P 0
L 1.0097451 1.3937008 1.0097451 1.480315 4 P 0
L 1.0097451 1.3937008 1.0628947 1.3937008 4 P 0
L 1.0097451 1.480315 1.0628947 1.480315 4 P 0
L 1.0628947 1.3937008 1.0628947 1.480315 4 P 0
L 1.0697845 1.5634834 1.0697845 1.6756881 4 P 0
L 1.1122047 0.7986013 1.1122047 1.6387785 1 P 0
L 1.1122047 0.7986013 1.6633859 0.7986013 1 P 0
L 1.1122047 1.6387785 1.6633859 1.6387785 1 P 0
L 1.3303426 3.9872045 1.3303426 4.2135825 1 P 0
L 1.3303426 3.9872045 1.6216812 3.9872045 1 P 0
L 1.3303426 4.2135825 1.6216812 4.2135825 1 P 0
L 1.4377953 2.2208661 1.4377953 3.9208661 1 P 0
L 1.5305118 2.7185039 1.5305118 3.2066929 1 P 0
L 1.5305118 2.7185039 1.7568898 2.7185039 1 P 0
L 1.5305118 3.2066929 1.7568898 3.2066929 1 P 0
L 1.5403543 2.2755905 1.5403543 2.5669291 1 P 0
L 1.5403543 2.2755905 1.7667323 2.2755905 1 P 0
L 1.5403543 2.5669291 1.7667323 2.5669291 1 P 0
L 1.6216812 3.9872045 1.6216812 4.2135825 1 P 0
L 1.6633859 0.7986013 1.6633859 1.6387785 1 P 0
L 1.7568898 2.7185039 1.7568898 3.2066929 1 P 0
L 1.7667323 2.2755905 1.7667323 2.5669291 1 P 0
L 2.0661417 4.0811024 2.0661417 4.2661417 1 P 0
L 2.0661417 4.0811024 2.4811023 4.0811024 1 P 0
L 2.0661417 4.2661417 2.4811023 4.2661417 1 P 0
L 2.3641732 0.6437008 2.3641732 0.8169291 4 P 0
L 2.3641732 0.6437008 2.753937 0.6437008 4 P 0
L 2.3641732 0.6948819 2.753937 0.6948819 4 P 0
L 2.3641732 0.8169291 2.753937 0.8169291 4 P 0
L 2.4811023 4.0811024 2.4811023 4.2661417 1 P 0
L 2.488189 3.2244094 2.488189 3.488189 1 P 0
L 2.488189 3.2244094 2.5492126 3.2244094 1 P 0
L 2.488189 3.488189 2.5492126 3.488189 1 P 0
L 2.5492126 3.1003937 2.5492126 3.2244094 1 P 0
L 2.5492126 3.2244094 2.6102362 3.2244094 1 P 0
L 2.5492126 3.488189 2.5492126 3.6122047 1 P 0
L 2.5492126 3.488189 2.6102362 3.488189 1 P 0
L 2.6102362 3.2244094 2.6102362 3.488189 1 P 0
L 2.6555118 3.2263779 2.6555118 3.4901575 1 P 0
L 2.6555118 3.2263779 2.7165354 3.2263779 1 P 0
L 2.6555118 3.4901575 2.7165354 3.4901575 1 P 0
L 2.7165354 3.1023622 2.7165354 3.2263779 1 P 0
L 2.7165354 3.2263779 2.777559 3.2263779 1 P 0
L 2.7165354 3.4901575 2.7165354 3.6141732 1 P 0
L 2.7165354 3.4901575 2.777559 3.4901575 1 P 0
L 2.753937 0.6437008 2.753937 0.8169291 4 P 0
L 2.777559 3.2263779 2.777559 3.4901575 1 P 0
L 2.8169292 3.2263779 2.8169292 3.4901575 1 P 0
L 2.8169292 3.2263779 2.8779528 3.2263779 1 P 0
L 2.8169292 3.4901575 2.8779528 3.4901575 1 P 0
L 2.8779528 3.1023622 2.8779528 3.2263779 1 P 0
L 2.8779528 3.2263779 2.9389764 3.2263779 1 P 0
L 2.8779528 3.4901575 2.8779528 3.6141732 1 P 0
L 2.8779528 3.4901575 2.9389764 3.4901575 1 P 0
L 2.9389764 3.2263779 2.9389764 3.4901575 1 P 0
L 2.9433071 4.0826772 2.9433071 4.2677165 1 P 0
L 2.9433071 4.0826772 3.3582677 4.0826772 1 P 0
L 2.9433071 4.2677165 3.3582677 4.2677165 1 P 0
L 2.9547244 0.6437008 2.9547244 0.8169291 4 P 0
L 2.9547244 0.6437008 3.3444882 0.6437008 4 P 0
L 2.9547244 0.6948819 3.3444882 0.6948819 4 P 0
L 2.9547244 0.8169291 3.3444882 0.8169291 4 P 0
L 2.9744095 3.2263779 2.9744095 3.4901575 1 P 0
L 2.9744095 3.2263779 3.0354331 3.2263779 1 P 0
L 2.9744095 3.4901575 3.0354331 3.4901575 1 P 0
L 3.0354331 3.1023622 3.0354331 3.2263779 1 P 0
L 3.0354331 3.2263779 3.0964567 3.2263779 1 P 0
L 3.0354331 3.4901575 3.0354331 3.6141732 1 P 0
L 3.0354331 3.4901575 3.0964567 3.4901575 1 P 0
L 3.0964567 3.2263779 3.0964567 3.4901575 1 P 0
L 3.1119245 0.9124015 3.1119245 1.0364173 1 P 0
L 3.1119245 0.9124015 3.3284599 0.9124015 1 P 0
L 3.1119245 1.0364173 3.3284599 1.0364173 1 P 0
L 3.3284599 0.9124015 3.3284599 1.0364173 1 P 0
L 3.3444882 0.6437008 3.3444882 0.8169291 4 P 0
L 3.3582677 4.0826772 3.3582677 4.2677165 1 P 0
L 3.5452756 0.6437008 3.5452756 0.8169291 4 P 0
L 3.5452756 0.6437008 3.9350394 0.6437008 4 P 0
L 3.5452756 0.6948819 3.9350394 0.6948819 4 P 0
L 3.5452756 0.8169291 3.9350394 0.8169291 4 P 0
L 3.9350394 0.6437008 3.9350394 0.8169291 4 P 0
L 4.0407086 4.2741339 4.2073228 4.2741339 1 P 0
L 4.1358268 0.6437008 4.1358268 0.8169291 4 P 0
L 4.1358268 0.6437008 4.5255906 0.6437008 4 P 0
L 4.1358268 0.6948819 4.5255906 0.6948819 4 P 0
L 4.1358268 0.8169291 4.5255906 0.8169291 4 P 0
L 4.3241745 1.2501969 4.3241745 1.4072835 1 P 0
L 4.3241745 1.2501969 4.3594107 1.2501969 1 P 0
L 4.3241745 1.4072835 4.3594107 1.4072835 1 P 0
L 4.3344882 1.7548425 4.4844094 1.7548425 1 P 0
L 4.3594107 1.146063 4.3594107 1.2501969 1 P 0
L 4.3594107 1.2501969 4.3946469 1.2501969 1 P 0
L 4.3594107 1.4072835 4.3594107 1.5114174 1 P 0
L 4.3594107 1.4072835 4.3946469 1.4072835 1 P 0
L 4.3946469 1.2501969 4.3946469 1.4072835 1 P 0
L 4.5255906 0.6437008 4.5255906 0.8169291 4 P 0
L 4.6742126 4.0850394 4.6742126 4.2681102 4 P 0
L 4.6742126 4.0850394 5.089567 4.0850394 4 P 0
L 4.6742126 4.2188976 5.089567 4.2188976 4 P 0
L 4.6742126 4.2681102 5.089567 4.2681102 4 P 0
L 4.7493701 0.647126 4.9159843 0.647126 1 P 0
L 4.9212599 1.7618111 4.9212599 1.8996063 1 P 0
L 4.9212599 1.7618111 5.1377953 1.7618111 1 P 0
L 4.9212599 1.8996063 5.1377953 1.8996063 1 P 0
L 4.9212599 1.928316 4.9212599 2.0661112 1 P 0
L 4.9212599 1.928316 5.1377953 1.928316 1 P 0
L 4.9212599 2.0661112 5.1377953 2.0661112 1 P 0
L 5.089567 4.0850394 5.089567 4.2681102 4 P 0
L 5.1155675 4.015748 5.1155675 4.2322834 1 P 0
L 5.1155675 4.015748 5.2395833 4.015748 1 P 0
L 5.1155675 4.2322834 5.2395833 4.2322834 1 P 0
L 5.1377953 1.7618111 5.1377953 1.8996063 1 P 0
L 5.1377953 1.928316 5.1377953 2.0661112 1 P 0
L 5.2395833 4.015748 5.2395833 4.2322834 1 P 0
L 5.2647637 4.0850394 5.2647637 4.2681102 4 P 0
L 5.2647637 4.0850394 5.6801181 4.0850394 4 P 0
L 5.2647637 4.2188976 5.6801181 4.2188976 4 P 0
L 5.2647637 4.2681102 5.6801181 4.2681102 4 P 0
L 5.6116142 0.7354331 5.6116142 0.9255906 1 P 0
L 5.6116142 0.7354331 5.986811 0.7354331 1 P 0
L 5.6116142 0.9255906 5.986811 0.9255906 1 P 0
L 5.6801181 4.0850394 5.6801181 4.2681102 4 P 0
L 5.7061186 4.015748 5.7061186 4.2322834 1 P 0
L 5.7061186 4.015748 5.8301344 4.015748 1 P 0
L 5.7061186 4.2322834 5.8301344 4.2322834 1 P 0
L 5.7185039 2.3917322 5.7185039 3.3562992 4 P 0
L 5.7185039 2.3917322 7.7854331 2.3917322 4 P 0
L 5.7185039 3.3562992 7.7854331 3.3562992 4 P 0
L 5.7795275 1.273622 5.7795275 2.269685 1 P 0
L 5.7795275 1.273622 6.2677165 1.273622 1 P 0
L 5.7795275 2.269685 6.2677165 2.269685 1 P 0
L 5.8301344 4.015748 5.8301344 4.2322834 1 P 0
L 5.8553149 4.0850394 5.8553149 4.2681102 4 P 0
L 5.8553149 4.0850394 6.2706693 4.0850394 4 P 0
L 5.8553149 4.2188976 6.2706693 4.2188976 4 P 0
L 5.8553149 4.2681102 6.2706693 4.2681102 4 P 0
L 5.986811 0.7354331 5.986811 0.9255906 1 P 0
L 6.2677165 1.273622 6.2677165 2.269685 1 P 0
L 6.2706693 4.0850394 6.2706693 4.2681102 4 P 0
L 6.2814961 1.273622 6.2814961 2.269685 1 P 0
L 6.2814961 1.273622 6.7696851 1.273622 1 P 0
L 6.2814961 2.269685 6.7696851 2.269685 1 P 0
L 6.2962598 4.015748 6.2962598 4.2322834 1 P 0
L 6.2962598 4.015748 6.4202756 4.015748 1 P 0
L 6.2962598 4.2322834 6.4202756 4.2322834 1 P 0
L 6.4202756 4.015748 6.4202756 4.2322834 1 P 0
L 6.4458661 4.0850394 6.4458661 4.2681102 4 P 0
L 6.4458661 4.0850394 6.8612205 4.0850394 4 P 0
L 6.4458661 4.2188976 6.8612205 4.2188976 4 P 0
L 6.4458661 4.2681102 6.8612205 4.2681102 4 P 0
L 6.7696851 1.273622 6.7696851 2.269685 1 P 0
L 6.7952756 1.4665354 6.7952756 2.0177166 4 P 0
L 6.7952756 1.4665354 7.0905512 1.4665354 4 P 0
L 6.7952756 2.0177166 7.0905512 2.0177166 4 P 0
L 6.8612205 4.0850394 6.8612205 4.2681102 4 P 0
L 6.8897639 0.0314962 6.8921654 0.0338977 1 P 0
L 6.8921654 0.0338977 6.8921654 0.6417323 1 P 0
L 6.8941339 4.2716535 6.8941339 4.8818897 1 P 0
L 6.8966535 4.0157481 6.8966535 4.2322835 1 P 0
L 6.8966535 4.0157481 7.0206693 4.0157481 1 P 0
L 6.8966535 4.2322835 7.0206693 4.2322835 1 P 0
L 6.9114174 0.5767718 6.9114174 0.8031498 1 P 0
L 6.9114174 0.5767718 7.202756 0.5767718 1 P 0
L 6.9114174 0.8031498 7.202756 0.8031498 1 P 0
L 6.9222441 0.9318898 6.9222441 1.1917324 1 P 0
L 6.9222441 0.9318898 7.6974409 0.9318898 1 P 0
L 6.9222441 1.1917324 7.6974409 1.1917324 1 P 0
L 7.0206693 4.0157481 7.0206693 4.2322835 1 P 0
L 7.0905512 1.4665354 7.0905512 2.0177166 4 P 0
L 7.202756 0.5767718 7.202756 0.8031498 1 P 0
L 7.2263779 0.5757875 7.2263779 0.8021655 1 P 0
L 7.2263779 0.5757875 7.5177165 0.5757875 1 P 0
L 7.2263779 0.8021655 7.5177165 0.8021655 1 P 0
L 7.2925197 4.2450709 7.3925197 4.2450709 3 P 0
L 7.503937 4.0271654 7.503937 4.3389764 1 P 0
L 7.503937 4.0271654 7.8444882 4.0271654 1 P 0
L 7.503937 4.3389764 7.8444882 4.3389764 1 P 0
L 7.5098425 1.5665354 7.5098425 1.9374016 1 P 0
L 7.5098425 1.5665354 7.5885826 1.5665354 1 P 0
L 7.5098425 1.9374016 7.5885826 1.9374016 1 P 0
L 7.5177165 0.5757875 7.5177165 0.8021655 1 P 0
L 7.5511812 0.573819 7.5511812 0.800197 1 P 0
L 7.5511812 0.573819 7.8425198 0.573819 1 P 0
L 7.5511812 0.800197 7.8425198 0.800197 1 P 0
L 7.5885826 1.5192913 7.5885826 1.5665354 1 P 0
L 7.5885826 1.5192913 7.8444882 1.5192913 1 P 0
L 7.5885826 1.9374016 7.5885826 1.9846457 1 P 0
L 7.5885826 1.9846457 7.8444882 1.9846457 1 P 0
L 7.6974409 0.9318898 7.6974409 1.1917324 1 P 0
L 7.7854331 2.3917322 7.7854331 3.3562992 4 P 0
L 7.8425198 0.573819 7.8425198 0.800197 1 P 0
L 7.8444882 1.5192913 7.8444882 1.9846457 1 P 0
L 7.8444882 4.0271654 7.8444882 4.3389764 1 P 0
