UNITS=INCH
#Layer_Color=1930808
#
#Feature symbol names
#
$0 r7.874
$1 r3.937
$2 r5
$3 rect114.9606x24.3583

#
#Feature attribute names
#

#
#Layer features
#
A 0.1862205 2.3423229 0.1862205 2.3423229 0.1822835 2.3423229 0 P 0 N
A 0.5762207 3.4659843 0.5762207 3.4659843 0.5722837 3.4659843 0 P 0 N
A 0.5762207 3.7415749 0.5762207 3.7415749 0.5722837 3.7415749 0 P 0 N
A 0.5944882 4.246063 0.5944882 4.246063 0.5905512 4.246063 0 P 0 N
A 1.1388725 3.3139765 1.1388725 3.3139765 1.1349355 3.3139765 0 P 0 N
A 1.1695811 2.9751972 1.1695811 2.9751972 1.1498961 2.9751972 1 P 0 N
A 1.2927166 1.4877953 1.2927166 1.4877953 1.2887796 1.4877953 0 P 0 N
A 1.3198819 1.8919291 1.3198819 1.8919291 1.3001969 1.8919291 1 P 0 N
A 1.5147638 2.1161417 1.5147638 2.1161417 1.5108268 2.1161417 0 P 0 N
A 2.6234645 0.1964173 2.6234645 0.1964173 2.6195275 0.1964173 0 P 0 N
A 2.9187401 0.1964173 2.9187401 0.1964173 2.9148031 0.1964173 0 P 0 N
A 3.2140157 0.1964173 3.2140157 0.1964173 3.2100787 0.1964173 0 P 0 N
A 3.5092913 0.1964173 3.5092913 0.1964173 3.5053543 0.1964173 0 P 0 N
A 3.7275301 0.1377946 3.7275301 0.1377946 3.7235931 0.1377946 0 P 0 N
A 3.9498031 0.3543307 3.9498031 0.3543307 3.9301181 0.3543307 1 P 0 N
L 0.1594489 1.2066929 0.1594489 1.293307 1 P 0
L 0.1594489 1.2066929 0.214567 1.2066929 1 P 0
L 0.1594489 1.293307 0.214567 1.293307 1 P 0
L 0.1613782 3.242126 0.1613782 3.5098426 2 P 0
L 0.1613782 3.242126 0.40626 3.242126 2 P 0
L 0.1613782 3.5098426 0.40626 3.5098426 2 P 0
L 0.1613782 3.5177166 0.1613782 3.7854332 2 P 0
L 0.1613782 3.5177166 0.40626 3.5177166 2 P 0
L 0.1613782 3.7854332 0.40626 3.7854332 2 P 0
L 0.214567 1.2066929 0.214567 1.293307 1 P 0
L 0.2755905 2.3425197 0.2755905 2.5393701 2 P 0
L 0.2755905 2.3425197 0.4330709 2.3425197 2 P 0
L 0.2755905 2.5393701 0.4330709 2.5393701 2 P 0
L 0.3716537 2.2637796 0.3716537 2.3188977 1 P 0
L 0.3716537 2.2637796 0.4582678 2.2637796 1 P 0
L 0.3716537 2.3188977 0.4582678 2.3188977 1 P 0
L 0.3799213 2.5610237 0.3799213 2.6161418 1 P 0
L 0.3799213 2.5610237 0.4665354 2.5610237 1 P 0
L 0.3799213 2.6161418 0.4665354 2.6161418 1 P 0
L 0.40626 3.242126 0.40626 3.5098426 2 P 0
L 0.40626 3.5177166 0.40626 3.7854332 2 P 0
L 0.4330709 2.3425197 0.4330709 2.5393701 2 P 0
L 0.4582678 2.2637796 0.4582678 2.3188977 1 P 0
L 0.4665354 2.5610237 0.4665354 2.6161418 1 P 0
L 0.5137795 2.2893702 0.5137795 2.3759843 1 P 0
L 0.5137795 2.2893702 0.5688976 2.2893702 1 P 0
L 0.5137795 2.3759843 0.5688976 2.3759843 1 P 0
L 0.5610236 4.2807087 0.5610236 4.4240157 2 P 0
L 0.5610236 4.2807087 0.6200788 4.2807087 2 P 0
L 0.5610236 4.3200787 0.6200788 4.3200787 2 P 0
L 0.5610236 4.3240157 0.6200788 4.3240157 2 P 0
L 0.5610236 4.4240157 0.6200788 4.4240157 2 P 0
L 0.5688976 2.2893702 0.5688976 2.3759843 1 P 0
L 0.6200788 4.2807087 0.6200788 4.4240157 2 P 0
L 0.7007874 4.3129922 0.7007874 4.4271654 1 P 0
L 0.7007874 4.3129922 0.7559055 4.3129922 1 P 0
L 0.7007874 4.4271654 0.7559055 4.4271654 1 P 0
L 0.7559055 4.3129922 0.7559055 4.4271654 1 P 0
L 0.859252 4.3300042 0.859252 4.4166184 1 P 0
L 0.859252 4.3300042 0.9124016 4.3300042 1 P 0
L 0.859252 4.4166184 0.9124016 4.4166184 1 P 0
L 0.8709593 2.6442913 0.8709593 2.6974409 1 P 0
L 0.8709593 2.6442913 0.9575735 2.6442913 1 P 0
L 0.8709593 2.6974409 0.9575735 2.6974409 1 P 0
L 0.9124016 4.3300042 0.9124016 4.4166184 1 P 0
L 0.9575735 2.6442913 0.9575735 2.6974409 1 P 0
L 0.959055 3.4822836 0.959055 3.5354332 1 P 0
L 0.959055 3.4822836 1.0456692 3.4822836 1 P 0
L 0.959055 3.5354332 1.0456692 3.5354332 1 P 0
L 0.9845418 2.9397641 0.9845418 3.2153546 1 P 0
L 0.9845418 2.9397641 1.1853292 2.9397641 1 P 0
L 0.9845418 3.2153546 1.1853292 3.2153546 1 P 0
L 1.0083607 3.3425198 1.0083607 3.429134 1 P 0
L 1.0083607 3.3425198 1.0615103 3.3425198 1 P 0
L 1.0083607 3.429134 1.0615103 3.429134 1 P 0
L 1.0456692 3.4822836 1.0456692 3.5354332 1 P 0
L 1.0591481 2.7442913 1.0591481 2.7974409 1 P 0
L 1.0591481 2.7442913 1.1457623 2.7442913 1 P 0
L 1.0591481 2.7974409 1.1457623 2.7974409 1 P 0
L 1.0615103 3.3425198 1.0615103 3.429134 1 P 0
L 1.1054079 3.3486222 1.1054079 3.4919292 2 P 0
L 1.1054079 3.3486222 1.1644631 3.3486222 2 P 0
L 1.1054079 3.3879922 1.1644631 3.3879922 2 P 0
L 1.1054079 3.3919292 1.1644631 3.3919292 2 P 0
L 1.1054079 3.4919292 1.1644631 3.4919292 2 P 0
L 1.1240158 1.2854331 1.1240158 1.3720472 1 P 0
L 1.1240158 1.2854331 1.1791339 1.2854331 1 P 0
L 1.1240158 1.3720472 1.1791339 1.3720472 1 P 0
L 1.1457623 2.7442913 1.1457623 2.7974409 1 P 0
L 1.1644631 3.3486222 1.1644631 3.4919292 2 P 0
L 1.1791339 1.2854331 1.1791339 1.3720472 1 P 0
L 1.1853292 2.9397641 1.1853292 3.2153546 1 P 0
L 1.2037402 1.2854331 1.2037402 1.3720473 1 P 0
L 1.2037402 1.2854331 1.2568898 1.2854331 1 P 0
L 1.2037402 1.3720473 1.2568898 1.3720473 1 P 0
L 1.2544292 4.0137795 1.2544292 4.1948819 1 P 0
L 1.2544292 4.0137795 1.3693898 4.0137795 1 P 0
L 1.2544292 4.1948819 1.3693898 4.1948819 1 P 0
L 1.2568898 1.2854331 1.2568898 1.3720473 1 P 0
L 1.2647638 1.856496 1.2647638 2.0572834 1 P 0
L 1.2647638 1.856496 1.5403543 1.856496 1 P 0
L 1.2647638 2.0572834 1.5403543 2.0572834 1 P 0
L 1.281496 3.4647638 1.281496 3.5513779 1 P 0
L 1.281496 3.4647638 1.3366141 3.4647638 1 P 0
L 1.281496 3.5513779 1.3366141 3.5513779 1 P 0
L 1.2814961 3.6982678 1.2814961 3.7848819 1 P 0
L 1.2814961 3.6982678 1.3366142 3.6982678 1 P 0
L 1.2814961 3.7848819 1.3366142 3.7848819 1 P 0
L 1.2829725 1.2519685 1.2829725 1.4055119 2 P 0
L 1.2829725 1.2519685 1.4760827 1.2519685 2 P 0
L 1.2829725 1.4055119 1.4760827 1.4055119 2 P 0
L 1.3328741 2.0866141 1.3328741 2.1456693 2 P 0
L 1.3328741 2.0866141 1.4761811 2.0866141 2 P 0
L 1.3328741 2.1456693 1.4761811 2.1456693 2 P 0
L 1.3366141 3.4647638 1.3366141 3.5513779 1 P 0
L 1.3366142 3.6982678 1.3366142 3.7848819 1 P 0
L 1.359252 1.7746063 1.359252 1.8277559 1 P 0
L 1.359252 1.7746063 1.4458662 1.7746063 1 P 0
L 1.359252 1.8277559 1.4458662 1.8277559 1 P 0
L 1.3693898 4.0137795 1.3693898 4.1948819 1 P 0
L 1.4328741 2.0866141 1.4328741 2.1456693 2 P 0
L 1.4368111 2.0866141 1.4368111 2.1456693 2 P 0
L 1.4458662 1.7746063 1.4458662 1.8277559 1 P 0
L 1.4760827 1.2519685 1.4760827 1.4055119 2 P 0
L 1.4761811 2.0866141 1.4761811 2.1456693 2 P 0
L 1.5027566 1.4300018 1.5027566 1.5166159 1 P 0
L 1.5027566 1.4300018 1.5578747 1.4300018 1 P 0
L 1.5027566 1.5166159 1.5578747 1.5166159 1 P 0
L 1.5031727 1.2854332 1.5031727 1.3720473 1 P 0
L 1.5031727 1.2854332 1.5582908 1.2854332 1 P 0
L 1.5031727 1.3720473 1.5582908 1.3720473 1 P 0
L 1.5403543 1.856496 1.5403543 2.0572834 1 P 0
L 1.5578747 1.4300018 1.5578747 1.5166159 1 P 0
L 1.5582908 1.2854332 1.5582908 1.3720473 1 P 0
L 1.5814967 1.4300019 1.5814967 1.516616 1 P 0
L 1.5814967 1.4300019 1.6366148 1.4300019 1 P 0
L 1.5814967 1.516616 1.6366148 1.516616 1 P 0
L 1.5819129 1.2854331 1.5819129 1.3720472 1 P 0
L 1.5819129 1.2854331 1.637031 1.2854331 1 P 0
L 1.5819129 1.3720472 1.637031 1.3720472 1 P 0
L 1.6190945 2.1476378 1.6190945 2.2027559 1 P 0
L 1.6190945 2.1476378 1.7293307 2.1476378 1 P 0
L 1.6190945 2.2027559 1.7293307 2.2027559 1 P 0
L 1.6366148 1.4300019 1.6366148 1.516616 1 P 0
L 1.637031 1.2854331 1.637031 1.3720472 1 P 0
L 1.6564961 1.8267716 1.6564961 1.9133858 1 P 0
L 1.6564961 1.8267716 1.7096457 1.8267716 1 P 0
L 1.6564961 1.9133858 1.7096457 1.9133858 1 P 0
L 1.6889764 1.9812992 1.6889764 2.0344488 1 P 0
L 1.6889764 1.9812992 1.7755906 1.9812992 1 P 0
L 1.6889764 2.0344488 1.7755906 2.0344488 1 P 0
L 1.7096457 1.8267716 1.7096457 1.9133858 1 P 0
L 1.7293307 2.1476378 1.7293307 2.2027559 1 P 0
L 1.7362204 2.7883858 1.7362204 2.8415354 1 P 0
L 1.7362204 2.7883858 1.8228346 2.7883858 1 P 0
L 1.7362204 2.8415354 1.8228346 2.8415354 1 P 0
L 1.7362204 2.886811 1.7362204 2.9399606 1 P 0
L 1.7362204 2.886811 1.8228346 2.886811 1 P 0
L 1.7362204 2.9399606 1.8228346 2.9399606 1 P 0
L 1.7401575 1.8267716 1.7401575 1.9133858 1 P 0
L 1.7401575 1.8267716 1.7933071 1.8267716 1 P 0
L 1.7401575 1.9133858 1.7933071 1.9133858 1 P 0
L 1.7755906 1.9812992 1.7755906 2.0344488 1 P 0
L 1.7933071 1.8267716 1.7933071 1.9133858 1 P 0
L 1.8228346 2.7883858 1.8228346 2.8415354 1 P 0
L 1.8228346 2.886811 1.8228346 2.9399606 1 P 0
L 2.3956692 0.362441 2.3956692 0.6073228 2 P 0
L 2.3956692 0.362441 2.6633858 0.362441 2 P 0
L 2.3956692 0.6073228 2.6633858 0.6073228 2 P 0
L 2.6633858 0.362441 2.6633858 0.6073228 2 P 0
L 2.6909448 0.362441 2.6909448 0.6073228 2 P 0
L 2.6909448 0.362441 2.9586614 0.362441 2 P 0
L 2.6909448 0.6073228 2.9586614 0.6073228 2 P 0
L 2.9586614 0.362441 2.9586614 0.6073228 2 P 0
L 2.9862204 0.362441 2.9862204 0.6073228 2 P 0
L 2.9862204 0.362441 3.253937 0.362441 2 P 0
L 2.9862204 0.6073228 3.253937 0.6073228 2 P 0
L 3.253937 0.362441 3.253937 0.6073228 2 P 0
L 3.281496 0.362441 3.281496 0.6073228 2 P 0
L 3.281496 0.362441 3.5492126 0.362441 2 P 0
L 3.281496 0.6073228 3.5492126 0.6073228 2 P 0
L 3.4382135 0.1092362 3.4382135 0.1623858 1 P 0
L 3.4382135 0.1092362 3.5248277 0.1092362 1 P 0
L 3.4382135 0.1623858 3.5248277 0.1623858 1 P 0
L 3.5248277 0.1092362 3.5248277 0.1623858 1 P 0
L 3.5492126 0.362441 3.5492126 0.6073228 2 P 0
L 3.5860728 0.1092362 3.5860728 0.1623858 1 P 0
L 3.5860728 0.1092362 3.672687 0.1092362 1 P 0
L 3.5860728 0.1623858 3.672687 0.1623858 1 P 0
L 3.672687 0.1092362 3.672687 0.1623858 1 P 0
L 3.6899607 0.1889764 3.6899607 0.3897638 1 P 0
L 3.6899607 0.1889764 3.9655512 0.1889764 1 P 0
L 3.6899607 0.3897638 3.9655512 0.3897638 1 P 0
L 3.7582388 0.108267 3.7582388 0.1673222 2 P 0
L 3.7582388 0.108267 3.9015458 0.108267 2 P 0
L 3.7582388 0.1673222 3.9015458 0.1673222 2 P 0
L 3.7976088 0.108267 3.7976088 0.1673222 2 P 0
L 3.8015458 0.108267 3.8015458 0.1673222 2 P 0
L 3.9015458 0.108267 3.9015458 0.1673222 2 P 0
L 3.9655512 0.1889764 3.9655512 0.3897638 1 P 0
L 4.0807086 4.3129921 4.0807086 4.3681102 1 P 0
L 4.0807086 4.3129921 4.1673227 4.3129921 1 P 0
L 4.0807086 4.3681102 4.1673227 4.3681102 1 P 0
L 4.0974409 0.261811 4.0974409 0.3484252 1 P 0
L 4.0974409 0.261811 4.1505905 0.261811 1 P 0
L 4.0974409 0.3484252 4.1505905 0.3484252 1 P 0
L 4.1505905 0.261811 4.1505905 0.3484252 1 P 0
L 4.1673227 4.3129921 4.1673227 4.3681102 1 P 0
L 4.7893702 0.5531497 4.7893702 0.6082678 1 P 0
L 4.7893702 0.5531497 4.8759843 0.5531497 1 P 0
L 4.7893702 0.6082678 4.8759843 0.6082678 1 P 0
L 4.8759843 0.5531497 4.8759843 0.6082678 1 P 0
L 6.9803151 0.7342521 6.9803151 0.8208662 1 P 0
L 6.9803151 0.7342521 7.0354332 0.7342521 1 P 0
L 6.9803151 0.8208662 7.0354332 0.8208662 1 P 0
L 6.9822835 1.0472441 6.9822835 1.1338582 1 P 0
L 6.9822835 1.0472441 7.0374016 1.0472441 1 P 0
L 6.9822835 1.1338582 7.0374016 1.1338582 1 P 0
L 7.0354332 0.7342521 7.0354332 0.8208662 1 P 0
L 7.0374016 1.0472441 7.0374016 1.1338582 1 P 0
L 7.0797245 0.5078741 7.0797245 0.5944883 1 P 0
L 7.0797245 0.5078741 7.1328741 0.5078741 1 P 0
L 7.0797245 0.5944883 7.1328741 0.5944883 1 P 0
L 7.0797245 0.7342521 7.0797245 0.8208663 1 P 0
L 7.0797245 0.7342521 7.1328741 0.7342521 1 P 0
L 7.0797245 0.8208663 7.1328741 0.8208663 1 P 0
L 7.1328741 0.5078741 7.1328741 0.5944883 1 P 0
L 7.1328741 0.7342521 7.1328741 0.8208663 1 P 0
L 7.2952756 0.734252 7.2952756 0.8208661 1 P 0
L 7.2952756 0.734252 7.3503937 0.734252 1 P 0
L 7.2952756 0.8208661 7.3503937 0.8208661 1 P 0
L 7.3503937 0.734252 7.3503937 0.8208661 1 P 0
L 7.394685 0.507874 7.394685 0.5944882 1 P 0
L 7.394685 0.507874 7.4478346 0.507874 1 P 0
L 7.394685 0.5944882 7.4478346 0.5944882 1 P 0
L 7.394685 0.734252 7.394685 0.8208662 1 P 0
L 7.394685 0.734252 7.4478346 0.734252 1 P 0
L 7.394685 0.8208662 7.4478346 0.8208662 1 P 0
L 7.4478346 0.507874 7.4478346 0.5944882 1 P 0
L 7.4478346 0.734252 7.4478346 0.8208662 1 P 0
L 7.6200789 0.7322835 7.6200789 0.8188976 1 P 0
L 7.6200789 0.7322835 7.675197 0.7322835 1 P 0
L 7.6200789 0.8188976 7.675197 0.8188976 1 P 0
L 7.675197 0.7322835 7.675197 0.8188976 1 P 0
L 7.7194882 0.507874 7.7194882 0.5944882 1 P 0
L 7.7194882 0.507874 7.7726378 0.507874 1 P 0
L 7.7194882 0.5944882 7.7726378 0.5944882 1 P 0
L 7.7194883 0.7322835 7.7194883 0.8188977 1 P 0
L 7.7194883 0.7322835 7.7726379 0.7322835 1 P 0
L 7.7194883 0.8188977 7.7726379 0.8188977 1 P 0
L 7.7726378 0.507874 7.7726378 0.5944882 1 P 0
L 7.7726379 0.7322835 7.7726379 0.8188977 1 P 0
P 1.31191 4.0259594 3 P 0 0
