UNITS=INCH
#Layer_Color=0
#
#Feature symbol names
#
$0 r1.9685
$1 r3.937

#
#Feature attribute names
#

#
#Layer features
#
L 0.0954726 3.2322835 0.0954726 3.5196851 0 P 0
L 0.0954726 3.2322835 0.5561026 3.2322835 0 P 0
L 0.0954726 3.5078741 0.0954726 3.7952757 0 P 0
L 0.0954726 3.5078741 0.5561026 3.5078741 0 P 0
L 0.0954726 3.5196851 0.5561026 3.5196851 0 P 0
L 0.0954726 3.7952757 0.5561026 3.7952757 0 P 0
L 0.1496064 1.1830708 0.1496064 1.3169291 0 P 0
L 0.1496064 1.1830708 0.2244095 1.1830708 0 P 0
L 0.1496064 1.3169291 0.2244095 1.3169291 0 P 0
L 0.1673229 1.25 0.206693 1.25 1 P 0
L 0.1870079 1.2303149 0.1870079 1.269685 1 P 0
L 0.2082677 2.3326772 0.2082677 2.5492126 0 P 0
L 0.2082677 2.3326772 0.5003937 2.3326772 0 P 0
L 0.2082677 2.5492126 0.5003937 2.5492126 0 P 0
L 0.2244095 1.1830708 0.2244095 1.3169291 0 P 0
L 0.3480316 2.2539371 0.3480316 2.3287402 0 P 0
L 0.3480316 2.2539371 0.4818899 2.2539371 0 P 0
L 0.3480316 2.3287402 0.4818899 2.3287402 0 P 0
L 0.3562992 2.5511812 0.3562992 2.6259843 0 P 0
L 0.3562992 2.5511812 0.4901575 2.5511812 0 P 0
L 0.3562992 2.6259843 0.4901575 2.6259843 0 P 0
L 0.3952757 2.2913386 0.4346458 2.2913386 1 P 0
L 0.4035433 2.5885827 0.4429134 2.5885827 1 P 0
L 0.4149607 2.2716536 0.4149607 2.3110237 1 P 0
L 0.4232283 2.5688977 0.4232283 2.6082678 1 P 0
L 0.4818899 2.2539371 0.4818899 2.3287402 0 P 0
L 0.4901575 2.5511812 0.4901575 2.6259843 0 P 0
L 0.5003937 2.3326772 0.5003937 2.5492126 0 P 0
L 0.503937 2.2657481 0.503937 2.3996064 0 P 0
L 0.503937 2.2657481 0.5787401 2.2657481 0 P 0
L 0.503937 2.3996064 0.5787401 2.3996064 0 P 0
L 0.5216535 2.3326772 0.5610236 2.3326772 1 P 0
L 0.5413386 2.3129922 0.5413386 2.3523623 1 P 0
L 0.5482284 4.253937 0.5482284 4.4507874 0 P 0
L 0.5482284 4.253937 0.632874 4.253937 0 P 0
L 0.5482284 4.4507874 0.632874 4.4507874 0 P 0
L 0.5561026 3.2322835 0.5561026 3.5196851 0 P 0
L 0.5561026 3.5078741 0.5561026 3.7952757 0 P 0
L 0.5787401 2.2657481 0.5787401 2.3996064 0 P 0
L 0.632874 4.253937 0.632874 4.4507874 0 P 0
L 0.6614174 4.3031497 0.6614174 4.4370079 0 P 0
L 0.6614174 4.3031497 0.7952756 4.3031497 0 P 0
L 0.6614174 4.4370079 0.7952756 4.4370079 0 P 0
L 0.7086614 4.3700788 0.7480315 4.3700788 1 P 0
L 0.7283465 4.3503938 0.7283465 4.3897639 1 P 0
L 0.7952756 4.3031497 0.7952756 4.4370079 0 P 0
L 0.8473373 2.6334645 0.8473373 2.7082677 0 P 0
L 0.8473373 2.6334645 0.9811956 2.6334645 0 P 0
L 0.8473373 2.7082677 0.9811956 2.7082677 0 P 0
L 0.8484252 4.3063822 0.8484252 4.4402405 0 P 0
L 0.8484252 4.3063822 0.9232284 4.3063822 0 P 0
L 0.8484252 4.4402405 0.9232284 4.4402405 0 P 0
L 0.8661418 4.3733113 0.9055118 4.3733113 1 P 0
L 0.8858268 4.3536263 0.8858268 4.3929964 1 P 0
L 0.8945814 2.6708661 0.9339515 2.6708661 1 P 0
L 0.9142664 2.6511811 0.9142664 2.6905511 1 P 0
L 0.9232284 4.3063822 0.9232284 4.4402405 0 P 0
L 0.935433 3.4714568 0.935433 3.54626 0 P 0
L 0.935433 3.4714568 1.0692913 3.4714568 0 P 0
L 0.935433 3.54626 1.0692913 3.54626 0 P 0
L 0.9746993 2.8472444 0.9746993 3.3078743 0 P 0
L 0.9746993 2.8472444 1.1951717 2.8472444 0 P 0
L 0.9746993 3.3078743 1.1951717 3.3078743 0 P 0
L 0.9811956 2.6334645 0.9811956 2.7082677 0 P 0
L 0.9826771 3.5088584 1.0220472 3.5088584 1 P 0
L 0.9975339 3.3188978 0.9975339 3.4527561 0 P 0
L 0.9975339 3.3188978 1.0723371 3.3188978 0 P 0
L 0.9975339 3.4527561 1.0723371 3.4527561 0 P 0
L 1.0023621 3.4891734 1.0023621 3.5285434 1 P 0
L 1.0152505 3.3858269 1.0546205 3.3858269 1 P 0
L 1.0349355 3.3661419 1.0349355 3.405512 1 P 0
L 1.035526 2.7334645 1.035526 2.8082677 0 P 0
L 1.035526 2.7334645 1.1693843 2.7334645 0 P 0
L 1.035526 2.8082677 1.1693843 2.8082677 0 P 0
L 1.0652505 3.0775594 1.1046205 3.0775594 1 P 0
L 1.0692913 3.4714568 1.0692913 3.54626 0 P 0
L 1.0723371 3.3188978 1.0723371 3.4527561 0 P 0
L 1.0827701 2.7708661 1.1221402 2.7708661 1 P 0
L 1.0849355 3.0578743 1.0849355 3.0972444 1 P 0
L 1.0926127 3.3218505 1.0926127 3.5187009 0 P 0
L 1.0926127 3.3218505 1.1772583 3.3218505 0 P 0
L 1.0926127 3.5187009 1.1772583 3.5187009 0 P 0
L 1.1024552 2.7511811 1.1024552 2.7905511 1 P 0
L 1.1141733 1.261811 1.1141733 1.3956693 0 P 0
L 1.1141733 1.261811 1.1889764 1.261811 0 P 0
L 1.1141733 1.3956693 1.1889764 1.3956693 0 P 0
L 1.1318898 1.3287402 1.1712599 1.3287402 1 P 0
L 1.1515748 1.3090551 1.1515748 1.3484252 1 P 0
L 1.1693843 2.7334645 1.1693843 2.8082677 0 P 0
L 1.1722441 1.8466535 1.1722441 2.0671259 0 P 0
L 1.1722441 1.8466535 1.632874 1.8466535 0 P 0
L 1.1722441 2.0671259 1.632874 2.0671259 0 P 0
L 1.1772583 3.3218505 1.1772583 3.5187009 0 P 0
L 1.1889764 1.261811 1.1889764 1.3956693 0 P 0
L 1.1948819 1.261811 1.1948819 1.3956693 0 P 0
L 1.1948819 1.261811 1.2657481 1.261811 0 P 0
L 1.1948819 1.3956693 1.2657481 1.3956693 0 P 0
L 1.1951717 2.8472444 1.1951717 3.3078743 0 P 0
L 1.21063 1.3287402 1.25 1.3287402 1 P 0
L 1.230315 1.3090551 1.230315 1.3484252 1 P 0
L 1.2430119 3.9643307 1.2430119 4.2443307 0 P 0
L 1.2430119 3.9643307 1.3808071 3.9643307 0 P 0
L 1.2430119 4.2443307 1.3808071 4.2443307 0 P 0
L 1.2657481 1.261811 1.2657481 1.3956693 0 P 0
L 1.2716535 3.4411417 1.2716535 3.575 0 P 0
L 1.2716535 3.4411417 1.3464566 3.4411417 0 P 0
L 1.2716535 3.575 1.3464566 3.575 0 P 0
L 1.2716536 3.6746457 1.2716536 3.808504 0 P 0
L 1.2716536 3.6746457 1.3464567 3.6746457 0 P 0
L 1.2716536 3.808504 1.3464567 3.808504 0 P 0
L 1.27313 1.1828741 1.27313 1.4746063 0 P 0
L 1.27313 1.1828741 1.4859252 1.1828741 0 P 0
L 1.27313 1.4746063 1.4859252 1.4746063 0 P 0
L 1.28937 3.5080708 1.3287401 3.5080708 1 P 0
L 1.2893701 3.7415749 1.3287402 3.7415749 1 P 0
L 1.2922245 4.1043307 1.3315946 4.1043307 1 P 0
L 1.3061024 2.0738189 1.3061024 2.1584645 0 P 0
L 1.3061024 2.0738189 1.5029528 2.0738189 0 P 0
L 1.3061024 2.1584645 1.5029528 2.1584645 0 P 0
L 1.3090551 3.4883858 1.3090551 3.5277559 1 P 0
L 1.3090551 3.7218898 1.3090551 3.7612599 1 P 0
L 1.3119095 4.0846456 1.3119095 4.1240157 1 P 0
L 1.3356299 1.7637795 1.3356299 1.8385827 0 P 0
L 1.3356299 1.7637795 1.4694882 1.7637795 0 P 0
L 1.3356299 1.8385827 1.4694882 1.8385827 0 P 0
L 1.3464566 3.4411417 1.3464566 3.575 0 P 0
L 1.3464567 3.6746457 1.3464567 3.808504 0 P 0
L 1.3808071 3.9643307 1.3808071 4.2443307 0 P 0
L 1.382874 1.8011811 1.4222441 1.8011811 1 P 0
L 1.382874 1.9568897 1.4222441 1.9568897 1 P 0
L 1.4025591 1.7814961 1.4025591 1.8208661 1 P 0
L 1.4025591 1.9372047 1.4025591 1.9765747 1 P 0
L 1.4694882 1.7637795 1.4694882 1.8385827 0 P 0
L 1.4859252 1.1828741 1.4859252 1.4746063 0 P 0
L 1.4929141 1.4063797 1.4929141 1.540238 0 P 0
L 1.4929141 1.4063797 1.5677172 1.4063797 0 P 0
L 1.4929141 1.540238 1.5677172 1.540238 0 P 0
L 1.4933302 1.2618111 1.4933302 1.3956694 0 P 0
L 1.4933302 1.2618111 1.5681333 1.2618111 0 P 0
L 1.4933302 1.3956694 1.5681333 1.3956694 0 P 0
L 1.5029528 2.0738189 1.5029528 2.1584645 0 P 0
L 1.5106306 1.4733089 1.5500007 1.4733089 1 P 0
L 1.5110467 1.3287402 1.5504168 1.3287402 1 P 0
L 1.5303156 1.4536238 1.5303156 1.4929939 1 P 0
L 1.5307318 1.3090552 1.5307318 1.3484253 1 P 0
L 1.5677172 1.4063797 1.5677172 1.540238 0 P 0
L 1.5681333 1.2618111 1.5681333 1.3956694 0 P 0
L 1.5716542 1.4063798 1.5716542 1.5402381 0 P 0
L 1.5716542 1.4063798 1.6464573 1.4063798 0 P 0
L 1.5716542 1.5402381 1.6464573 1.5402381 0 P 0
L 1.5720704 1.261811 1.5720704 1.3956693 0 P 0
L 1.5720704 1.261811 1.6468735 1.261811 0 P 0
L 1.5720704 1.3956693 1.6468735 1.3956693 0 P 0
L 1.5893707 1.4733089 1.6287408 1.4733089 1 P 0
L 1.5897869 1.3287402 1.629157 1.3287402 1 P 0
L 1.6072835 2.1082678 1.6072835 2.242126 0 P 0
L 1.6072835 2.1082678 1.7411417 2.1082678 0 P 0
L 1.6072835 2.242126 1.7411417 2.242126 0 P 0
L 1.6090558 1.4536239 1.6090558 1.492994 1 P 0
L 1.6094719 1.3090551 1.6094719 1.3484252 1 P 0
L 1.632874 1.8466535 1.632874 2.0671259 0 P 0
L 1.6456693 1.8031495 1.6456693 1.9370078 0 P 0
L 1.6456693 1.8031495 1.7204725 1.8031495 0 P 0
L 1.6456693 1.9370078 1.7204725 1.9370078 0 P 0
L 1.6464573 1.4063798 1.6464573 1.5402381 0 P 0
L 1.6468735 1.261811 1.6468735 1.3956693 0 P 0
L 1.6545276 2.1751969 1.6938977 2.1751969 1 P 0
L 1.6633859 1.8700787 1.7027559 1.8700787 1 P 0
L 1.6653544 1.9704724 1.6653544 2.0452756 0 P 0
L 1.6653544 1.9704724 1.7992127 1.9704724 0 P 0
L 1.6653544 2.0452756 1.7992127 2.0452756 0 P 0
L 1.6742126 2.1555119 1.6742126 2.1948819 1 P 0
L 1.6830709 1.8503936 1.6830709 1.8897637 1 P 0
L 1.7125983 2.7795275 1.7125983 2.8503937 0 P 0
L 1.7125983 2.7795275 1.8464566 2.7795275 0 P 0
L 1.7125983 2.8503937 1.8464566 2.8503937 0 P 0
L 1.7125983 2.8779527 1.7125983 2.9488189 0 P 0
L 1.7125983 2.8779527 1.8464566 2.8779527 0 P 0
L 1.7125983 2.9488189 1.8464566 2.9488189 0 P 0
L 1.7125985 2.007874 1.7519686 2.007874 1 P 0
L 1.7204725 1.8031495 1.7204725 1.9370078 0 P 0
L 1.7293307 1.8031496 1.7293307 1.9370079 0 P 0
L 1.7293307 1.8031496 1.8041339 1.8031496 0 P 0
L 1.7293307 1.9370079 1.8041339 1.9370079 0 P 0
L 1.7322835 1.988189 1.7322835 2.027559 1 P 0
L 1.7411417 2.1082678 1.7411417 2.242126 0 P 0
L 1.7470473 1.8700787 1.7864173 1.8700787 1 P 0
L 1.7598424 2.8149606 1.7992125 2.8149606 1 P 0
L 1.7598424 2.9133858 1.7992125 2.9133858 1 P 0
L 1.7667323 1.8503937 1.7667323 1.8897638 1 P 0
L 1.7795275 2.7952756 1.7795275 2.8346456 1 P 0
L 1.7795275 2.8937008 1.7795275 2.9330708 1 P 0
L 1.7992127 1.9704724 1.7992127 2.0452756 0 P 0
L 1.8041339 1.8031496 1.8041339 1.9370079 0 P 0
L 1.8464566 2.7795275 1.8464566 2.8503937 0 P 0
L 1.8464566 2.8779527 1.8464566 2.9488189 0 P 0
L 2.3858267 0.2125984 2.3858267 0.6732284 0 P 0
L 2.3858267 0.2125984 2.6732283 0.2125984 0 P 0
L 2.3858267 0.6732284 2.6732283 0.6732284 0 P 0
L 2.6732283 0.2125984 2.6732283 0.6732284 0 P 0
L 2.6811023 0.2125984 2.6811023 0.6732284 0 P 0
L 2.6811023 0.2125984 2.9685039 0.2125984 0 P 0
L 2.6811023 0.6732284 2.9685039 0.6732284 0 P 0
L 2.9685039 0.2125984 2.9685039 0.6732284 0 P 0
L 2.9763779 0.2125984 2.9763779 0.6732284 0 P 0
L 2.9763779 0.2125984 3.2637795 0.2125984 0 P 0
L 2.9763779 0.6732284 3.2637795 0.6732284 0 P 0
L 3.2637795 0.2125984 3.2637795 0.6732284 0 P 0
L 3.2716535 0.2125984 3.2716535 0.6732284 0 P 0
L 3.2716535 0.2125984 3.5590551 0.2125984 0 P 0
L 3.2716535 0.6732284 3.5590551 0.6732284 0 P 0
L 3.4145915 0.0984094 3.4145915 0.1732126 0 P 0
L 3.4145915 0.0984094 3.5484498 0.0984094 0 P 0
L 3.4145915 0.1732126 3.5484498 0.1732126 0 P 0
L 3.4618356 0.135811 3.5012057 0.135811 1 P 0
L 3.4815206 0.116126 3.4815206 0.155496 1 P 0
L 3.5484498 0.0984094 3.5484498 0.1732126 0 P 0
L 3.5590551 0.2125984 3.5590551 0.6732284 0 P 0
L 3.5624507 0.0984094 3.5624507 0.1732126 0 P 0
L 3.5624507 0.0984094 3.696309 0.0984094 0 P 0
L 3.5624507 0.1732126 3.696309 0.1732126 0 P 0
L 3.597441 0.1791339 3.597441 0.3996063 0 P 0
L 3.597441 0.1791339 4.0580709 0.1791339 0 P 0
L 3.597441 0.3996063 4.0580709 0.3996063 0 P 0
L 3.6096948 0.135811 3.6490649 0.135811 1 P 0
L 3.6293799 0.116126 3.6293799 0.155496 1 P 0
L 3.696309 0.0984094 3.696309 0.1732126 0 P 0
L 3.7314671 0.0954718 3.7314671 0.1801174 0 P 0
L 3.7314671 0.0954718 3.9283175 0.0954718 0 P 0
L 3.7314671 0.1801174 3.9283175 0.1801174 0 P 0
L 3.8080709 0.2893701 3.847441 0.2893701 1 P 0
L 3.8277559 0.2696851 3.8277559 0.3090551 1 P 0
L 3.9283175 0.0954718 3.9283175 0.1801174 0 P 0
L 4.0570865 4.3031496 4.0570865 4.3779527 0 P 0
L 4.0570865 4.3031496 4.1909448 4.3031496 0 P 0
L 4.0570865 4.3779527 4.1909448 4.3779527 0 P 0
L 4.0580709 0.1791339 4.0580709 0.3996063 0 P 0
L 4.0866141 0.2381889 4.0866141 0.3720472 0 P 0
L 4.0866141 0.2381889 4.1614173 0.2381889 0 P 0
L 4.0866141 0.3720472 4.1614173 0.3720472 0 P 0
L 4.1043306 4.3405512 4.1437007 4.3405512 1 P 0
L 4.1043307 0.3051181 4.1437007 0.3051181 1 P 0
L 4.1240157 0.285433 4.1240157 0.3248031 1 P 0
L 4.1240157 4.3208661 4.1240157 4.3602362 1 P 0
L 4.1614173 0.2381889 4.1614173 0.3720472 0 P 0
L 4.1909448 4.3031496 4.1909448 4.3779527 0 P 0
L 4.7657481 0.5433072 4.7657481 0.6181103 0 P 0
L 4.7657481 0.5433072 4.8996064 0.5433072 0 P 0
L 4.7657481 0.6181103 4.8996064 0.6181103 0 P 0
L 4.8129922 0.5807087 4.8523623 0.5807087 1 P 0
L 4.8326772 0.5610237 4.8326772 0.6003938 1 P 0
L 4.8996064 0.5433072 4.8996064 0.6181103 0 P 0
L 6.9704726 0.71063 6.9704726 0.8444883 0 P 0
L 6.9704726 0.71063 7.0452757 0.71063 0 P 0
L 6.9704726 0.8444883 7.0452757 0.8444883 0 P 0
L 6.972441 1.023622 6.972441 1.1574803 0 P 0
L 6.972441 1.023622 7.0472441 1.023622 0 P 0
L 6.972441 1.1574803 7.0472441 1.1574803 0 P 0
L 6.9881891 0.7775592 7.0275592 0.7775592 1 P 0
L 6.9901575 1.0905512 7.0295276 1.0905512 1 P 0
L 7.0078741 0.7578741 7.0078741 0.7972442 1 P 0
L 7.0098425 1.0708661 7.0098425 1.1102362 1 P 0
L 7.0452757 0.71063 7.0452757 0.8444883 0 P 0
L 7.0472441 1.023622 7.0472441 1.1574803 0 P 0
L 7.0708662 0.4842521 7.0708662 0.6181104 0 P 0
L 7.0708662 0.4842521 7.1417324 0.4842521 0 P 0
L 7.0708662 0.6181104 7.1417324 0.6181104 0 P 0
L 7.0708662 0.71063 7.0708662 0.8444883 0 P 0
L 7.0708662 0.71063 7.1417324 0.71063 0 P 0
L 7.0708662 0.8444883 7.1417324 0.8444883 0 P 0
L 7.0866143 0.5511812 7.1259843 0.5511812 1 P 0
L 7.0866143 0.7775592 7.1259843 0.7775592 1 P 0
L 7.1062993 0.5314962 7.1062993 0.5708663 1 P 0
L 7.1062993 0.7578741 7.1062993 0.7972442 1 P 0
L 7.1417324 0.4842521 7.1417324 0.6181104 0 P 0
L 7.1417324 0.71063 7.1417324 0.8444883 0 P 0
L 7.2854331 0.7106299 7.2854331 0.8444882 0 P 0
L 7.2854331 0.7106299 7.3602362 0.7106299 0 P 0
L 7.2854331 0.8444882 7.3602362 0.8444882 0 P 0
L 7.3031496 0.7775591 7.3425197 0.7775591 1 P 0
L 7.3228346 0.757874 7.3228346 0.7972441 1 P 0
L 7.3602362 0.7106299 7.3602362 0.8444882 0 P 0
L 7.3858267 0.484252 7.3858267 0.6181103 0 P 0
L 7.3858267 0.484252 7.4566929 0.484252 0 P 0
L 7.3858267 0.6181103 7.4566929 0.6181103 0 P 0
L 7.3858267 0.7106299 7.3858267 0.8444882 0 P 0
L 7.3858267 0.7106299 7.4566929 0.7106299 0 P 0
L 7.3858267 0.8444882 7.4566929 0.8444882 0 P 0
L 7.4015748 0.5511811 7.4409448 0.5511811 1 P 0
L 7.4015748 0.7775591 7.4409448 0.7775591 1 P 0
L 7.4212598 0.5314961 7.4212598 0.5708662 1 P 0
L 7.4212598 0.757874 7.4212598 0.7972441 1 P 0
L 7.4566929 0.484252 7.4566929 0.6181103 0 P 0
L 7.4566929 0.7106299 7.4566929 0.8444882 0 P 0
L 7.6102364 0.7086614 7.6102364 0.8425197 0 P 0
L 7.6102364 0.7086614 7.6850395 0.7086614 0 P 0
L 7.6102364 0.8425197 7.6850395 0.8425197 0 P 0
L 7.6279529 0.7755906 7.667323 0.7755906 1 P 0
L 7.6476379 0.7559055 7.6476379 0.7952756 1 P 0
L 7.6850395 0.7086614 7.6850395 0.8425197 0 P 0
L 7.7106299 0.484252 7.7106299 0.6181103 0 P 0
L 7.7106299 0.484252 7.7814961 0.484252 0 P 0
L 7.7106299 0.6181103 7.7814961 0.6181103 0 P 0
L 7.71063 0.7086614 7.71063 0.8425197 0 P 0
L 7.71063 0.7086614 7.7814962 0.7086614 0 P 0
L 7.71063 0.8425197 7.7814962 0.8425197 0 P 0
L 7.726378 0.5511811 7.765748 0.5511811 1 P 0
L 7.7263781 0.7755906 7.7657481 0.7755906 1 P 0
L 7.746063 0.5314961 7.746063 0.5708662 1 P 0
L 7.7460631 0.7559055 7.7460631 0.7952756 1 P 0
L 7.7814961 0.484252 7.7814961 0.6181103 0 P 0
L 7.7814962 0.7086614 7.7814962 0.8425197 0 P 0
